                                            [38;2;120;149;167m[48;2;139;179;224m▀[38;2;93;116;117m[48;2;107;135;135m▀[0m
                                           [38;2;99;127;134m[48;2;111;142;166m▀[38;2;136;177;254m[48;2;111;163;255m▀[38;2;107;136;136m[48;2;106;133;133m▀[0m
                      [38;2;105;121;126m▄[0m                    [38;2;133;171;192m[48;2;171;211;225m▀[38;2;154;201;245m[48;2;158;198;212m▀[0m[38;2;63;94;96m▀[0m
            [38;2;99;124;131m▄[38;2;98;126;193m[48;2;84;120;253m▀[38;2;109;132;181m[48;2;85;113;156m▀[0m[38;2;70;96;97m▄[38;2;79;101;111m[48;2;104;131;228m▀[0m[38;2;82;109;157m▄[0m  [38;2;110;128;143m▄[38;2;96;120;123m[48;2;90;112;143m▀[38;2;86;98;155m[48;2;36;42;162m▀[0m[38;2;94;121;121m▄[0m                  [38;2;84;112;113m[48;2;130;153;158m▀[38;2;174;224;249m[48;2;159;214;255m▀[38;2;130;164;174m[48;2;128;154;156m▀[0m
            [38;2;102;129;173m[48;2;88;116;182m▀[38;2;62;100;255m[48;2;56;93;255m▀[38;2;92;121;192m[48;2;98;129;231m▀[38;2;71;98;99m[48;2;115;142;185m▀[38;2;109;134;246m[48;2;104;128;254m▀[38;2;108;129;239m[48;2;78;100;242m▀[38;2;102;124;195m[48;2;60;66;190m▀[38;2;70;100;101m[48;2;131;142;195m▀[38;2;64;74;167m[48;2;105;127;174m▀[38;2;65;70;176m[48;2;22;24;166m▀[38;2;22;24;162m[48;2;47;49;183m▀[38;2;97;107;175m[48;2;53;55;185m▀[38;2;55;84;84m[48;2;87;103;158m▀[0m[38;2;78;107;107m▄[0m[38;2;89;107;127m▄[0m               [38;2;123;161;183m[48;2;124;170;215m▀[38;2;150;200;238m[48;2;124;168;207m▀[0m[38;2;64;95;95m▀[0m
          [38;2;84;106;143m▄[0m[38;2;90;115;127m▄[38;2;97;127;205m[48;2;78;111;224m▀[38;2;57;94;255m[48;2;48;81;255m▀[38;2;87;115;255m[48;2;49;80;255m▀[38;2;100;125;255m[48;2;104;126;255m▀[38;2;115;137;255m[48;2;82;109;255m▀[38;2;94;119;255m[48;2;81;109;255m▀[38;2;70;79;210m[48;2;62;77;223m▀[38;2;43;46;184m[48;2;31;34;196m▀[38;2;83;86;201m[48;2;59;62;209m▀[38;2;43;46;194m[48;2;56;59;208m▀[38;2;50;52;196m[48;2;43;47;204m▀[38;2;12;15;183m[48;2;3;7;198m▀[38;2;84;86;201m[48;2;93;96;214m▀[38;2;64;72;188m[48;2;22;25;193m▀[38;2;82;88;193m[48;2;62;64;200m▀[38;2;105;124;148m[48;2;90;100;195m▀[38;2;76;98;98m[48;2;126;143;163m▀[0m            [38;2;92;119;121m[48;2;117;148;160m▀[38;2;133;183;251m[48;2;128;187;255m▀[38;2;119;153;180m[48;2;107;138;147m▀[0m
          [38;2;102;124;210m[48;2;95;117;190m▀[38;2;102;136;158m[48;2;57;80;246m▀[38;2;59;86;243m[48;2;27;53;255m▀[38;2;34;63;255m[48;2;55;78;255m▀[38;2;37;67;255m[48;2;70;95;255m▀[38;2;46;76;255m[48;2;39;69;255m▀[38;2;89;115;255m[48;2;79;105;255m▀[38;2;91;110;240m[48;2;53;66;216m▀[38;2;91;101;224m[48;2;19;21;183m▀[38;2;6;9;186m[48;2;40;43;193m▀[38;2;43;47;205m[48;2;56;59;207m▀[38;2;40;44;215m[48;2;9;13;210m▀[38;2;53;56;223m[48;2;90;94;235m▀[38;2;50;53;212m[48;2;3;8;216m▀[38;2;59;62;206m[48;2;62;65;215m▀[38;2;40;43;197m[48;2;81;84;219m▀[38;2;65;68;200m[48;2;106;108;224m▀[38;2;62;76;165m[48;2;87;106;146m▀[0m             [38;2;129;167;184m[48;2;172;210;221m▀[38;2;161;210;249m[48;2;162;203;214m▀[0m[38;2;81;107;107m▀[0m
       [38;2;82;106;106m▄[38;2;88;108;137m[48;2;85;104;238m▀[0m[38;2;87;112;179m▄[38;2;89;116;157m[48;2;50;72;236m▀[38;2;32;54;255m[48;2;37;58;255m▀[38;2;35;59;255m[48;2;90;108;255m▀[38;2;59;81;255m[48;2;71;91;255m▀[38;2;94;115;255m[48;2;79;99;255m▀[38;2;50;80;255m[48;2;75;97;255m▀[38;2;75;101;255m[48;2;86;110;255m▀[38;2;99;112;231m[48;2;61;81;238m▀[38;2;59;61;200m[48;2;26;29;188m▀[38;2;50;53;203m[48;2;12;15;182m▀[38;2;62;65;209m[48;2;71;74;200m▀[38;2;3;7;199m[48;2;62;64;199m▀[38;2;78;80;215m[48;2;56;58;195m▀[38;2;3;7;196m[48;2;3;6;178m▀[38;2;22;25;204m[48;2;64;71;209m▀[38;2;62;66;223m[48;2;65;81;232m▀[38;2;88;100;203m[48;2;122;145;184m▀[0m[38;2;65;89;89m▀[0m            [38;2;104;128;129m[48;2;136;156;156m▀[38;2;205;247;249m[48;2;231;255;255m▀[38;2;150;179;180m[48;2;123;143;143m▀[0m
       [38;2;105;120;156m[48;2;101;115;226m▀[38;2;64;78;255m[48;2;31;47;255m▀[38;2;92;104;255m[48;2;61;75;255m▀[38;2;31;48;255m[48;2;75;87;255m▀[38;2;50;66;255m[48;2;60;73;249m▀[38;2;57;74;255m[48;2;64;71;208m▀[38;2;53;71;255m[48;2;98;102;199m▀[38;2;97;112;255m[48;2;71;73;175m▀[38;2;80;96;244m[48;2;77;81;204m▀[38;2;98;113;243m[48;2;40;42;168m▀[38;2;55;76;250m[48;2;71;77;205m▀[38;2;47;67;245m[48;2;61;79;255m▀[38;2;98;104;212m[48;2;106;118;248m▀[38;2;60;62;179m[48;2;67;71;190m▀[38;2;3;5;155m[48;2;40;42;170m▀[38;2;40;42;172m[48;2;40;42;169m▀[38;2;26;29;170m[48;2;48;51;185m▀[38;2;71;91;244m[48;2;96;111;250m▀[38;2;80;105;255m[48;2;92;90;218m▀[38;2;150;168;234m[48;2;110;132;236m▀[38;2;76;81;81m[48;2;136;139;139m▀[38;2;66;66;66m[48;2;127;127;127m▀[0m           [38;2;186;202;202m[48;2;231;240;240m▀[38;2;231;246;246m[48;2;226;234;234m▀[38;2;97;108;108m[48;2;134;138;138m▀[38;2;66;66;66m[48;2;127;127;127m▀[38;2;66;66;66m[48;2;127;127;127m▀[0m
       [38;2;83;97;247m[48;2;47;60;255m▀[38;2;22;38;255m[48;2;58;71;255m▀[38;2;53;66;255m[48;2;70;82;255m▀[38;2;49;62;255m[48;2;19;34;255m▀[38;2;88;90;187m[48;2;52;59;209m▀[38;2;52;58;207m[48;2;12;25;247m▀[38;2;53;56;172m[48;2;74;81;227m▀[38;2;6;15;202m[48;2;49;57;215m▀[38;2;20;36;254m[48;2;46;51;189m▀[38;2;56;62;208m[48;2;80;87;219m▀[38;2;42;57;246m[48;2;59;61;172m▀[38;2;81;96;255m[48;2;73;83;230m▀[38;2;46;58;220m[48;2;62;67;195m▀[38;2;50;51;171m[48;2;53;55;176m▀[38;2;66;69;184m[48;2;101;113;234m▀[38;2;41;44;174m[48;2;90;107;247m▀[0m[38;2;100;105;214m▀[38;2;60;84;254m[48;2;107;126;255m▀[38;2;159;102;158m[48;2;64;89;255m▀[38;2;169;167;233m[48;2;94;114;253m▀[38;2;198;200;200m[48;2;197;204;245m▀[38;2;193;193;193m[48;2;236;238;242m▀[0m           [38;2;252;254;254m[48;2;253;255;255m▀[38;2;229;234;234m[48;2;247;248;248m▀[38;2;193;195;195m[48;2;241;241;241m▀[38;2;193;193;193m[48;2;241;241;241m▀[38;2;193;193;193m[48;2;241;241;241m▀[0m
      [38;2;208;211;253m[48;2;167;174;249m▀[38;2;20;36;255m[48;2;86;98;255m▀[38;2;46;60;255m[48;2;28;43;255m▀[38;2;52;65;255m[48;2;49;62;255m▀[38;2;10;25;255m[48;2;46;59;255m▀[38;2;51;62;245m[48;2;28;42;254m▀[38;2;48;52;179m[48;2;41;45;170m▀[38;2;51;56;200m[48;2;8;19;222m▀[38;2;15;17;146m[48;2;45;50;192m▀[38;2;4;9;165m[48;2;8;17;204m▀[38;2;32;48;249m[48;2;17;35;255m▀[38;2;32;34;167m[48;2;49;58;208m▀[38;2;18;37;240m[48;2;15;33;243m▀[38;2;48;58;207m[48;2;47;63;247m▀[38;2;75;77;185m[48;2;59;61;177m▀[38;2;29;31;167m[48;2;15;17;158m▀[38;2;76;90;230m[48;2;75;87;234m▀[38;2;64;85;255m[48;2;41;62;255m▀[0m[38;2;40;60;255m▄[0m[38;2;72;90;255m▄[38;2;184;193;253m[48;2;197;203;234m▀[38;2;159;171;252m[48;2;214;215;215m▀[38;2;128;145;253m[48;2;216;217;217m▀[38;2;150;165;255m[48;2;211;214;221m▀[38;2;195;203;254m[48;2;204;208;222m▀[0m         [38;2;255;255;255m[48;2;245;247;247m▀[38;2;250;251;251m[48;2;216;218;218m▀[38;2;250;250;250m[48;2;214;215;215m▀[38;2;250;250;250m[48;2;214;215;215m▀[38;2;250;250;250m[48;2;214;215;215m▀[0m
    [38;2;97;115;236m▄[0m[38;2;122;140;226m▄[38;2;73;86;252m[48;2;44;61;255m▀[38;2;60;74;255m[48;2;69;82;255m▀[38;2;65;78;255m[48;2;18;34;255m▀[38;2;86;97;255m[48;2;42;57;255m▀[38;2;25;40;255m[48;2;77;90;255m▀[38;2;46;60;255m[48;2;66;79;255m▀[38;2;53;60;211m[48;2;49;62;249m▀[38;2;8;21;231m[48;2;24;36;239m▀[38;2;55;65;233m[48;2;26;42;254m▀[38;2;10;22;230m[48;2;75;84;233m▀[38;2;15;32;255m[48;2;50;58;205m▀[38;2;52;66;248m[48;2;54;63;232m▀[38;2;52;65;249m[48;2;70;75;198m▀[38;2;38;54;254m[48;2;47;49;173m▀[38;2;98;101;200m[48;2;102;111;242m▀[38;2;75;78;186m[48;2;75;81;200m▀[38;2;36;54;255m[48;2;18;36;255m▀[38;2;36;55;255m[48;2;43;55;226m▀[38;2;52;70;254m[48;2;108;118;187m▀[38;2;61;78;249m[48;2;124;136;150m▀[38;2;167;173;173m[48;2;85;88;88m▀[38;2;152;152;152m[48;2;81;81;81m▀[38;2;152;152;152m[48;2;81;81;81m▀[38;2;152;152;152m[48;2;81;81;81m▀[38;2;152;152;152m[48;2;81;81;81m▀[0m         [38;2;209;217;217m[48;2;144;155;155m▀[38;2;153;155;155m[48;2;82;83;83m▀[38;2;153;154;154m[48;2;97;112;126m▀[38;2;154;164;179m[48;2;59;86;223m▀[38;2;155;158;158m[48;2;87;95;117m▀[0m
   [38;2;39;65;65m▄[38;2;100;117;238m[48;2;105;125;226m▀[38;2;82;99;255m[48;2;44;67;255m▀[38;2;65;82;255m[48;2;74;93;255m▀[38;2;54;72;255m[48;2;80;97;255m▀[38;2;33;52;255m[48;2;64;81;255m▀[38;2;35;53;255m[48;2;25;45;255m▀[38;2;64;78;255m[48;2;18;38;255m▀[38;2;44;59;255m[48;2;67;82;255m▀[38;2;27;43;255m[48;2;69;83;255m▀[38;2;76;86;244m[48;2;50;61;226m▀[38;2;52;60;213m[48;2;8;18;214m▀[38;2;55;62;210m[48;2;38;52;246m▀[38;2;4;7;161m[48;2;24;32;203m▀[38;2;10;26;253m[48;2;13;29;255m▀[38;2;46;57;232m[48;2;27;43;254m▀[38;2;6;13;189m[48;2;52;63;241m▀[38;2;25;42;255m[48;2;50;63;239m▀[38;2;67;72;190m[48;2;42;45;176m▀[38;2;53;63;219m[48;2;47;49;170m▀[38;2;56;57;171m[48;2;88;98;224m▀[38;2;91;108;174m[48;2;59;84;242m▀[38;2;110;131;149m[48;2;59;83;251m▀[38;2;86;101;121m[48;2;90;114;194m▀[38;2;42;46;46m[48;2;32;53;53m▀[0m    [38;2;23;38;129m▄[0m[38;2;40;66;86m▄[38;2;29;46;164m[48;2;17;29;169m▀[38;2;46;68;144m[48;2;15;28;204m▀[38;2;65;99;157m[48;2;60;99;174m▀[38;2;46;62;62m[48;2;60;101;164m▀[0m[38;2;209;224;224m▄[0m [38;2;74;94;94m[48;2;38;63;63m▀[0m[38;2;58;98;173m▄[38;2;59;89;112m[48;2;51;85;178m▀[38;2;49;76;138m[48;2;36;59;76m▀[0m[38;2;51;58;58m▀[0m
  [38;2;82;106;113m▄[38;2;109;132;147m[48;2;89;104;239m▀[38;2;76;94;253m[48;2;109;121;255m▀[38;2;55;76;255m[48;2;68;84;255m▀[38;2;75;93;255m[48;2;51;68;255m▀[38;2;71;89;255m[48;2;36;54;255m▀[38;2;57;75;255m[48;2;57;74;255m▀[38;2;40;59;255m[48;2;48;66;255m▀[38;2;31;50;255m[48;2;61;78;255m▀[38;2;66;82;255m[48;2;65;90;217m▀[38;2;61;80;249m[48;2;90;119;121m▀[38;2;105;133;204m[48;2;71;91;191m▀[38;2;40;53;238m[48;2;59;65;197m▀[38;2;17;36;255m[48;2;76;83;208m▀[38;2;59;72;246m[48;2;45;49;183m▀[38;2;43;59;251m[48;2;40;42;169m▀[38;2;53;65;237m[48;2;3;6;163m▀[38;2;56;61;202m[48;2;9;18;189m▀[38;2;16;19;165m[48;2;24;45;236m▀[38;2;43;51;197m[48;2;35;64;255m▀[38;2;92;98;207m[48;2;67;87;238m▀[38;2;81;99;247m[48;2;115;136;255m▀[38;2;33;61;255m[48;2;49;82;255m▀[38;2;41;69;255m[48;2;60;89;255m▀[38;2;89;119;206m[48;2;38;68;255m▀[38;2;82;108;198m[48;2;45;73;255m▀[38;2;89;112;171m[48;2;126;148;209m▀[0m[38;2;72;98;98m▄[0m  [38;2;27;45;113m[48;2;22;37;103m▀[38;2;34;56;98m[48;2;37;60;104m▀[38;2;19;32;149m[48;2;36;59;113m▀[38;2;10;17;184m[48;2;37;62;161m▀[38;2;17;30;197m[48;2;7;14;200m▀[38;2;85;122;222m[48;2;43;63;238m▀[38;2;244;251;251m[48;2;144;176;255m▀[38;2;162;183;183m[48;2;112;149;233m▀[38;2;62;102;173m[48;2;26;47;239m▀[38;2;20;36;222m[48;2;3;8;217m▀[38;2;48;79;137m[48;2;3;6;185m▀[38;2;23;38;138m[48;2;24;39;143m▀[0m[38;2;25;41;122m▀[0m
 [38;2;56;91;91m▄[38;2;99;122;178m[48;2;105;118;239m▀[38;2;20;37;255m[48;2;81;93;255m▀[38;2;42;58;255m[48;2;53;67;255m▀[38;2;63;78;255m[48;2;59;73;255m▀[38;2;51;66;255m[48;2;74;86;255m▀[38;2;22;40;255m[48;2;83;95;255m▀[38;2;79;94;255m[48;2;22;38;255m▀[38;2;74;89;255m[48;2;96;108;255m▀[38;2;81;97;255m[48;2;66;84;249m▀[38;2;78;106;169m[48;2;105;136;161m▀[38;2;80;106;189m[48;2;87;94;207m▀[38;2;58;73;225m[48;2;56;81;249m▀[38;2;17;20;165m[48;2;64;80;225m▀[38;2;19;21;166m[48;2;3;6;182m▀[38;2;46;51;190m[48;2;35;39;207m▀[38;2;42;63;233m[48;2;83;104;247m▀[38;2;37;66;252m[48;2;74;111;255m▀[38;2;41;73;255m[48;2;65;105;255m▀[38;2;46;79;255m[48;2;70;111;255m▀[38;2;50;84;255m[48;2;73;115;255m▀[38;2;54;90;255m[48;2;73;116;255m▀[38;2;65;101;255m[48;2;71;114;255m▀[38;2;113;140;255m[48;2;69;111;255m▀[38;2;107;133;255m[48;2;87;120;255m▀[38;2;95;119;255m[48;2;104;130;255m▀[38;2;37;67;255m[48;2;102;125;255m▀[38;2;42;68;255m[48;2;34;63;255m▀[38;2;80;104;234m[48;2;69;92;255m▀[38;2;74;99;191m[48;2;28;53;255m▀[38;2;85;108;174m[48;2;28;55;255m▀[38;2;84;111;143m[48;2;42;68;255m▀[38;2;55;78;157m[48;2;71;99;243m▀[38;2;29;48;142m[48;2;95;123;181m▀[38;2;19;33;159m[48;2;83;112;142m▀[38;2;30;50;172m[48;2;98;132;203m▀[38;2;31;45;212m[48;2;140;161;239m▀[38;2;8;16;239m[48;2;121;132;234m▀[38;2;7;16;245m[48;2;58;84;177m▀[38;2;6;15;238m[48;2;3;7;208m▀[38;2;26;45;198m[48;2;9;16;191m▀[38;2;25;41;160m[48;2;28;46;129m▀[0m[38;2;30;49;106m▀[0m
 [38;2;105;128;137m[48;2;93;113;182m▀[38;2;72;85;252m[48;2;119;128;255m▀[38;2;95;105;255m[48;2;67;80;255m▀[38;2;83;95;255m[48;2;65;78;255m▀[38;2;102;113;255m[48;2;86;98;255m▀[38;2;26;41;255m[48;2;108;118;255m▀[38;2;80;92;255m[48;2;30;46;255m▀[38;2;57;72;255m[48;2;81;94;255m▀[38;2;79;93;255m[48;2;106;124;222m▀[38;2;76;102;193m[48;2;60;89;92m▀[38;2;119;143;203m[48;2;131;148;234m▀[38;2;93;104;229m[48;2;106;124;255m▀[38;2;107;119;228m[48;2;74;85;221m▀[38;2;80;108;253m[48;2;79;108;253m▀[38;2;22;25;201m[48;2;37;41;204m▀[38;2;50;53;222m[48;2;35;39;225m▀[38;2;29;34;237m[48;2;46;56;242m▀[38;2;110;131;251m[48;2;78;101;251m▀[38;2;75;119;255m[48;2;90;133;255m▀[38;2;90;132;255m[48;2;128;165;255m▀[38;2;83;129;255m[48;2;154;185;255m▀[38;2;84;130;255m[48;2;111;155;255m▀[38;2;76;120;255m[48;2;79;124;255m▀[38;2;68;109;255m[48;2;68;109;255m▀[38;2;59;97;255m[48;2;67;103;255m▀[38;2;75;106;255m[48;2;80;110;255m▀[38;2;103;126;255m[48;2;83;109;255m▀[38;2;77;99;255m[48;2;93;114;255m▀[38;2;55;77;255m[48;2;59;79;255m▀[38;2;26;50;255m[48;2;66;84;255m▀[38;2;28;53;255m[48;2;30;53;255m▀[38;2;33;61;255m[48;2;28;54;255m▀[38;2;61;89;255m[48;2;60;84;255m▀[38;2;88;115;255m[48;2;62;88;255m▀[38;2;82;110;255m[48;2;39;70;255m▀[38;2;54;86;255m[48;2;90;122;255m▀[38;2;190;220;255m[48;2;154;186;255m▀[38;2;165;181;255m[48;2;151;171;230m▀[38;2;75;101;121m[48;2;73;98;98m▀[0m[38;2;29;48;125m▀[0m[38;2;43;71;108m▀[0m[38;2;24;40;108m▀[0m
[38;2;65;91;91m[48;2;76;106;106m▀[38;2;90;104;237m[48;2;99;112;248m▀[38;2;67;79;255m[48;2;62;75;255m▀[38;2;68;80;255m[48;2;87;99;255m▀[38;2;80;92;255m[48;2;64;77;255m▀[38;2;38;53;255m[48;2;62;76;255m▀[38;2;73;86;255m[48;2;55;70;255m▀[38;2;75;88;255m[48;2;36;54;255m▀[38;2;87;100;255m[48;2;86;100;255m▀[38;2;73;92;233m[48;2;99;127;180m▀[38;2;104;130;169m[48;2;95;118;233m▀[38;2;101;118;255m[48;2;80;101;255m▀[38;2;93;114;255m[48;2;62;88;255m▀[38;2;92;107;240m[48;2;87;116;255m▀[38;2;79;101;242m[48;2;91;114;248m▀[38;2;49;57;218m[48;2;115;143;254m▀[38;2;27;32;225m[48;2;77;101;251m▀[38;2;35;39;228m[48;2;15;27;227m▀[38;2;44;51;244m[48;2;44;49;224m▀[38;2;60;72;251m[48;2;69;73;231m▀[38;2;51;60;254m[48;2;47;51;224m▀[38;2;99;129;255m[48;2;58;72;227m▀[38;2;85;134;255m[48;2;114;149;218m▀[38;2;76;120;255m[48;2;96;134;228m▀[38;2;67;107;255m[48;2;66;106;255m▀[38;2;103;132;255m[48;2;96;127;255m▀[38;2;88;117;255m[48;2;64;95;255m▀[38;2;42;74;255m[48;2;39;70;255m▀[38;2;30;57;255m[48;2;30;57;255m▀[38;2;23;46;255m[48;2;25;49;255m▀[38;2;21;42;255m[48;2;21;42;255m▀[38;2;59;77;255m[48;2;21;43;255m▀[38;2;57;76;255m[48;2;22;44;255m▀[38;2;91;107;255m[48;2;53;73;255m▀[38;2;73;93;255m[48;2;91;107;255m▀[38;2;27;53;255m[48;2;137;149;255m▀[38;2;109;145;255m[48;2;122;147;255m▀[38;2;144;190;255m[48;2;128;156;254m▀[38;2;122;149;181m[48;2;105;128;166m▀[0m
[38;2;96;122;132m[48;2;102;122;180m▀[38;2;78;91;254m[48;2;65;80;255m▀[38;2;71;84;255m[48;2;62;77;255m▀[38;2;98;109;255m[48;2;120;131;255m▀[38;2;78;90;255m[48;2;75;90;255m▀[38;2;85;98;255m[48;2;71;89;255m▀[38;2;74;89;255m[48;2;69;87;255m▀[38;2;79;95;252m[48;2;91;117;218m▀[38;2;82;108;166m[48;2;93;118;122m▀[38;2;79;104;110m[48;2;105;129;177m▀[38;2;56;62;193m[48;2;63;77;234m▀[38;2;39;48;208m[48;2;80;99;247m▀[38;2;42;54;227m[48;2;81;103;250m▀[38;2;61;74;229m[48;2;59;76;222m▀[38;2;62;83;240m[48;2;72;88;236m▀[38;2;104;126;255m[48;2;45;69;255m▀[38;2;83;107;255m[48;2;28;54;255m▀[38;2;94;118;255m[48;2;36;58;255m▀[38;2;52;76;250m[48;2;62;80;255m▀[38;2;74;90;245m[48;2;97;113;255m▀[38;2;94;103;233m[48;2;103;118;255m▀[38;2;70;88;177m[48;2;87;111;177m▀[0m[38;2;77;102;108m▀[0m[38;2;99;127;207m▀[38;2;99;131;237m[48;2;114;135;155m▀[38;2;84;113;255m[48;2;100;125;159m▀[38;2;85;110;255m[48;2;90;116;169m▀[38;2;38;69;255m[48;2;77;106;227m▀[38;2;36;65;255m[48;2;51;82;255m▀[38;2;34;62;255m[48;2;40;72;255m▀[38;2;29;55;255m[48;2;40;70;255m▀[38;2;27;51;255m[48;2;39;70;255m▀[38;2;25;50;255m[48;2;35;63;255m▀[38;2;61;80;255m[48;2;78;97;255m▀[38;2;63;83;255m[48;2;66;84;255m▀[38;2;49;70;255m[48;2;21;43;255m▀[38;2;56;75;255m[48;2;41;61;255m▀[38;2;85;103;249m[48;2;123;138;248m▀[38;2;96;120;135m[48;2;75;105;105m▀[0m
[38;2;107;122;244m[48;2;102;116;252m▀[38;2;100;114;255m[48;2;92;106;255m▀[38;2;92;106;255m[48;2;76;92;255m▀[38;2;54;71;255m[48;2;61;78;255m▀[38;2;99;114;255m[48;2;86;101;255m▀[38;2;82;100;255m[48;2;79;96;255m▀[38;2;86;105;255m[48;2;110;130;224m▀[38;2;116;139;229m[48;2;115;143;196m▀[38;2;116;145;198m[48;2;103;122;254m▀[38;2;99;119;253m[48;2;81;102;255m▀[38;2;76;96;252m[48;2;89;110;255m▀[38;2;86;99;240m[48;2;77;96;254m▀[38;2;74;80;200m[48;2;39;46;186m▀[38;2;43;45;169m[48;2;40;42;169m▀[38;2;70;83;230m[48;2;15;17;160m▀[38;2;62;79;246m[48;2;28;30;162m▀[38;2;45;59;231m[48;2;65;67;176m▀[38;2;66;75;223m[48;2;41;43;179m▀[38;2;39;53;246m[48;2;22;35;231m▀[38;2;21;39;255m[48;2;68;81;246m▀[38;2;88;102;255m[48;2;55;64;229m▀[38;2;103;121;198m[48;2;77;94;173m▀[0m     [38;2;62;89;89m▀[0m[38;2;104;128;155m▀[0m[38;2;80;107;182m▀[0m[38;2;78;106;216m▀[38;2;75;101;252m[48;2;90;114;124m▀[38;2;36;65;255m[48;2;88;113;153m▀[38;2;70;91;255m[48;2;96;117;177m▀[38;2;88;104;255m[48;2;123;145;180m▀[38;2;69;86;255m[48;2;149;175;239m▀[38;2;48;66;255m[48;2;98;125;243m▀[38;2;100;119;229m[48;2;90;112;149m▀[0m[38;2;67;91;91m▀[0m
[38;2;118;136;221m[48;2;116;134;192m▀[38;2;79;95;255m[48;2;102;118;255m▀[38;2;86;102;255m[48;2;75;95;255m▀[38;2;97;112;255m[48;2;103;120;255m▀[38;2;103;117;255m[48;2;82;101;255m▀[38;2;87;107;233m[48;2;103;122;184m▀[38;2;59;88;88m[48;2;38;62;62m▀[38;2;111;133;190m[48;2;123;139;241m▀[38;2;90;109;255m[48;2;91;109;255m▀[38;2;90;108;255m[48;2;91;109;255m▀[38;2;72;92;255m[48;2;74;92;255m▀[38;2;83;100;248m[48;2;41;47;186m▀[38;2;34;36;166m[48;2;3;5;150m▀[38;2;31;33;166m[48;2;40;42;163m▀[38;2;3;5;152m[48;2;3;5;148m▀[38;2;3;5;151m[48;2;53;54;169m▀[38;2;40;42;169m[48;2;31;33;160m▀[38;2;28;30;158m[48;2;3;5;152m▀[38;2;75;76;181m[48;2;43;45;169m▀[38;2;59;61;176m[48;2;50;51;169m▀[38;2;53;59;197m[48;2;47;48;167m▀[38;2;73;94;193m[48;2;88;101;151m▀[0m            [38;2;79;100;100m▀[38;2;157;194;243m[48;2;92;116;124m▀[38;2;132;164;193m[48;2;103;124;134m▀[0m
