%%SENSEI-SPRITES v1
%%ANIM thinking 150 loop
%%FRAME
    [38;2;255;255;255m▄[38;2;255;255;255m[48;2;91;141;239m▀[0m[38;2;255;255;255m▄[0m   [38;2;255;255;255m[48;2;191;224;255m▀[0m
   [38;2;255;255;255m[48;2;255;255;255m▀[38;2;91;141;239m[48;2;10;26;63m▀[38;2;91;141;239m[48;2;10;26;63m▀[38;2;91;141;239m[48;2;224;83;61m▀[38;2;255;255;255m[48;2;255;255;255m▀[0m  [38;2;191;224;255m[48;2;191;224;255m▀[0m
   [38;2;255;255;255m▄[38;2;255;255;255m[48;2;30;79;216m▀[38;2;30;79;216m[48;2;30;79;216m▀[38;2;30;79;216m[48;2;30;79;216m▀[38;2;255;255;255m[48;2;30;79;216m▀[0m[38;2;30;79;216m▄[0m[38;2;30;79;216m▄[38;2;191;224;255m[48;2;91;141;239m▀[0m             [38;2;191;224;255m▄[38;2;191;224;255m[48;2;255;255;255m▀[0m[38;2;91;141;239m▄[0m
   [38;2;255;255;255m▀[38;2;30;79;216m[48;2;255;255;255m▀[38;2;30;79;216m[48;2;30;79;216m▀[38;2;30;79;216m[48;2;30;79;216m▀[38;2;30;79;216m[48;2;255;255;255m▀[0m[38;2;255;255;255m▀[0m                [38;2;91;141;239m▀[0m
   [38;2;255;255;255m▄[38;2;255;255;255m[48;2;30;79;216m▀[38;2;30;79;216m[48;2;255;255;255m▀[0m[38;2;255;255;255m▀[38;2;30;79;216m[48;2;255;255;255m▀[38;2;255;255;255m[48;2;30;79;216m▀[0m[38;2;255;255;255m▄[0m
   [38;2;255;255;255m▀[0m[38;2;255;255;255m▀[0m   [38;2;255;255;255m▀[0m[38;2;255;255;255m▀[0m
%%FRAME
    [38;2;255;255;255m▄[38;2;255;255;255m[48;2;91;141;239m▀[0m[38;2;255;255;255m▄[0m   [38;2;255;255;255m[48;2;191;224;255m▀[0m
   [38;2;255;255;255m[48;2;255;255;255m▀[38;2;91;141;239m[48;2;10;26;63m▀[38;2;91;141;239m[48;2;10;26;63m▀[38;2;91;141;239m[48;2;224;83;61m▀[38;2;255;255;255m[48;2;255;255;255m▀[0m  [38;2;191;224;255m[48;2;191;224;255m▀[0m
   [38;2;255;255;255m▄[38;2;255;255;255m[48;2;30;79;216m▀[38;2;30;79;216m[48;2;30;79;216m▀[38;2;30;79;216m[48;2;30;79;216m▀[38;2;255;255;255m[48;2;30;79;216m▀[0m[38;2;30;79;216m▄[0m[38;2;30;79;216m▄[38;2;191;224;255m[48;2;91;141;239m▀[0m          [38;2;191;224;255m▄[38;2;191;224;255m[48;2;255;255;255m▀[0m[38;2;91;141;239m▄[0m
   [38;2;255;255;255m▀[38;2;30;79;216m[48;2;255;255;255m▀[38;2;30;79;216m[48;2;30;79;216m▀[38;2;30;79;216m[48;2;30;79;216m▀[38;2;30;79;216m[48;2;255;255;255m▀[0m[38;2;255;255;255m▀[0m             [38;2;91;141;239m▀[0m
   [38;2;255;255;255m▄[38;2;255;255;255m[48;2;30;79;216m▀[38;2;30;79;216m[48;2;255;255;255m▀[0m[38;2;255;255;255m▀[38;2;30;79;216m[48;2;255;255;255m▀[38;2;255;255;255m[48;2;30;79;216m▀[0m[38;2;255;255;255m▄[0m
   [38;2;255;255;255m▀[0m[38;2;255;255;255m▀[0m   [38;2;255;255;255m▀[0m[38;2;255;255;255m▀[0m
%%FRAME
    [38;2;255;255;255m▄[38;2;255;255;255m[48;2;91;141;239m▀[0m[38;2;255;255;255m▄[0m   [38;2;191;224;255m[48;2;191;224;255m▀[0m
   [38;2;255;255;255m[48;2;255;255;255m▀[38;2;91;141;239m[48;2;10;26;63m▀[38;2;91;141;239m[48;2;10;26;63m▀[38;2;91;141;239m[48;2;224;83;61m▀[38;2;255;255;255m[48;2;255;255;255m▀[0m  [38;2;255;255;255m[48;2;191;224;255m▀[0m
   [38;2;255;255;255m▄[38;2;255;255;255m[48;2;30;79;216m▀[38;2;30;79;216m[48;2;30;79;216m▀[38;2;30;79;216m[48;2;30;79;216m▀[38;2;255;255;255m[48;2;30;79;216m▀[0m[38;2;30;79;216m▄[0m[38;2;30;79;216m▄[38;2;191;224;255m[48;2;91;141;239m▀[0m       [38;2;191;224;255m▄[38;2;191;224;255m[48;2;255;255;255m▀[0m[38;2;91;141;239m▄[0m
   [38;2;255;255;255m▀[38;2;30;79;216m[48;2;255;255;255m▀[38;2;30;79;216m[48;2;30;79;216m▀[38;2;30;79;216m[48;2;30;79;216m▀[38;2;30;79;216m[48;2;255;255;255m▀[0m[38;2;255;255;255m▀[0m          [38;2;91;141;239m▀[0m
   [38;2;255;255;255m▄[38;2;255;255;255m[48;2;30;79;216m▀[38;2;30;79;216m[48;2;255;255;255m▀[0m[38;2;255;255;255m▀[38;2;30;79;216m[48;2;255;255;255m▀[38;2;255;255;255m[48;2;30;79;216m▀[0m[38;2;255;255;255m▄[0m
   [38;2;255;255;255m▀[0m[38;2;255;255;255m▀[0m   [38;2;255;255;255m▀[0m[38;2;255;255;255m▀[0m
%%FRAME
    [38;2;255;255;255m▄[38;2;255;255;255m[48;2;91;141;239m▀[0m[38;2;255;255;255m▄[0m
   [38;2;255;255;255m[48;2;255;255;255m▀[38;2;91;141;239m[48;2;10;26;63m▀[38;2;91;141;239m[48;2;10;26;63m▀[38;2;91;141;239m[48;2;224;83;61m▀[38;2;255;255;255m[48;2;255;255;255m▀[0m
   [38;2;255;255;255m▄[38;2;255;255;255m[48;2;30;79;216m▀[38;2;30;79;216m[48;2;30;79;216m▀[38;2;30;79;216m[48;2;30;79;216m▀[38;2;255;255;255m[48;2;30;79;216m▀[0m[38;2;30;79;216m▄[0m[38;2;91;141;239m▄[0m[38;2;191;224;255m▄[0m[38;2;191;224;255m▄[0m[38;2;191;224;255m▄[0m[38;2;255;255;255m▄[0m[38;2;255;255;255m▀[0m[38;2;255;255;255m▄[38;2;255;255;255m[48;2;255;255;255m▀[0m[38;2;255;255;255m▄[0m
   [38;2;255;255;255m▀[38;2;30;79;216m[48;2;255;255;255m▀[38;2;30;79;216m[48;2;30;79;216m▀[38;2;30;79;216m[48;2;30;79;216m▀[38;2;30;79;216m[48;2;255;255;255m▀[0m[38;2;255;255;255m▀[0m     [38;2;255;255;255m▀[0m [38;2;255;255;255m▀[0m
   [38;2;255;255;255m▄[38;2;255;255;255m[48;2;30;79;216m▀[38;2;30;79;216m[48;2;255;255;255m▀[0m[38;2;255;255;255m▀[38;2;30;79;216m[48;2;255;255;255m▀[38;2;255;255;255m[48;2;30;79;216m▀[0m[38;2;255;255;255m▄[0m
   [38;2;255;255;255m▀[0m[38;2;255;255;255m▀[0m   [38;2;255;255;255m▀[0m[38;2;255;255;255m▀[0m
%%FRAME
    [38;2;255;255;255m▄[38;2;255;255;255m[48;2;91;141;239m▀[0m[38;2;255;255;255m▄[0m
   [38;2;255;255;255m[48;2;255;255;255m▀[38;2;91;141;239m[48;2;10;26;63m▀[38;2;91;141;239m[48;2;10;26;63m▀[38;2;91;141;239m[48;2;224;83;61m▀[38;2;255;255;255m[48;2;255;255;255m▀[0m       [38;2;191;224;255m▄[0m[38;2;91;141;239m▀[0m
   [38;2;255;255;255m▄[38;2;255;255;255m[48;2;30;79;216m▀[38;2;30;79;216m[48;2;30;79;216m▀[38;2;30;79;216m[48;2;30;79;216m▀[38;2;255;255;255m[48;2;30;79;216m▀[0m[38;2;30;79;216m▄[0m[38;2;91;141;239m▄[0m[38;2;191;224;255m▄[0m[38;2;191;224;255m▄[0m[38;2;191;224;255m▄[0m[38;2;255;255;255m▄[0m[38;2;255;255;255m▄[0m
   [38;2;255;255;255m▀[38;2;30;79;216m[48;2;255;255;255m▀[38;2;30;79;216m[48;2;30;79;216m▀[38;2;30;79;216m[48;2;30;79;216m▀[38;2;30;79;216m[48;2;255;255;255m▀[0m[38;2;255;255;255m▀[0m      [38;2;191;224;255m▄[0m
   [38;2;255;255;255m▄[38;2;255;255;255m[48;2;30;79;216m▀[38;2;30;79;216m[48;2;255;255;255m▀[0m[38;2;255;255;255m▀[38;2;30;79;216m[48;2;255;255;255m▀[38;2;255;255;255m[48;2;30;79;216m▀[0m[38;2;255;255;255m▄[0m      [38;2;91;141;239m▀[0m
   [38;2;255;255;255m▀[0m[38;2;255;255;255m▀[0m   [38;2;255;255;255m▀[0m[38;2;255;255;255m▀[0m
%%FRAME
    [38;2;255;255;255m▄[38;2;255;255;255m[48;2;91;141;239m▀[0m[38;2;255;255;255m▄[0m          [38;2;191;224;255m▄[0m
   [38;2;255;255;255m[48;2;255;255;255m▀[38;2;91;141;239m[48;2;10;26;63m▀[38;2;91;141;239m[48;2;10;26;63m▀[38;2;91;141;239m[48;2;224;83;61m▀[38;2;255;255;255m[48;2;255;255;255m▀[0m   [38;2;191;224;255m▄[0m      [38;2;91;141;239m▀[0m
   [38;2;255;255;255m▄[38;2;255;255;255m[48;2;30;79;216m▀[38;2;30;79;216m[48;2;30;79;216m▀[38;2;30;79;216m[48;2;30;79;216m▀[38;2;255;255;255m[48;2;30;79;216m▀[0m[38;2;30;79;216m▄[0m[38;2;30;79;216m▄[38;2;191;224;255m[48;2;91;141;239m▀[0m
   [38;2;255;255;255m▀[38;2;30;79;216m[48;2;255;255;255m▀[38;2;30;79;216m[48;2;30;79;216m▀[38;2;30;79;216m[48;2;30;79;216m▀[38;2;30;79;216m[48;2;255;255;255m▀[0m[38;2;255;255;255m▀[0m
   [38;2;255;255;255m▄[38;2;255;255;255m[48;2;30;79;216m▀[38;2;30;79;216m[48;2;255;255;255m▀[0m[38;2;255;255;255m▀[38;2;30;79;216m[48;2;255;255;255m▀[38;2;255;255;255m[48;2;30;79;216m▀[0m[38;2;255;255;255m▄[0m       [38;2;191;224;255m▄[0m[38;2;91;141;239m▀[0m
   [38;2;255;255;255m▀[0m[38;2;255;255;255m▀[0m   [38;2;255;255;255m▀[0m[38;2;255;255;255m▀[0m
%%FRAME
    [38;2;255;255;255m▄[38;2;255;255;255m[48;2;91;141;239m▀[0m[38;2;255;255;255m▄[0m   [38;2;255;255;255m[48;2;191;224;255m▀[0m        [38;2;91;141;239m▄[0m
   [38;2;255;255;255m[48;2;255;255;255m▀[38;2;91;141;239m[48;2;10;26;63m▀[38;2;91;141;239m[48;2;10;26;63m▀[38;2;91;141;239m[48;2;224;83;61m▀[38;2;255;255;255m[48;2;255;255;255m▀[0m  [38;2;191;224;255m[48;2;191;224;255m▀[0m
   [38;2;255;255;255m▄[38;2;255;255;255m[48;2;30;79;216m▀[38;2;30;79;216m[48;2;30;79;216m▀[38;2;30;79;216m[48;2;30;79;216m▀[38;2;255;255;255m[48;2;30;79;216m▀[0m[38;2;30;79;216m▄[0m[38;2;30;79;216m▄[38;2;191;224;255m[48;2;91;141;239m▀[0m
   [38;2;255;255;255m▀[38;2;30;79;216m[48;2;255;255;255m▀[38;2;30;79;216m[48;2;30;79;216m▀[38;2;30;79;216m[48;2;30;79;216m▀[38;2;30;79;216m[48;2;255;255;255m▀[0m[38;2;255;255;255m▀[0m
   [38;2;255;255;255m▄[38;2;255;255;255m[48;2;30;79;216m▀[38;2;30;79;216m[48;2;255;255;255m▀[0m[38;2;255;255;255m▀[38;2;30;79;216m[48;2;255;255;255m▀[38;2;255;255;255m[48;2;30;79;216m▀[0m[38;2;255;255;255m▄[0m         [38;2;91;141;239m▄[0m
   [38;2;255;255;255m▀[0m[38;2;255;255;255m▀[0m   [38;2;255;255;255m▀[0m[38;2;255;255;255m▀[0m
%%FRAME
    [38;2;255;255;255m▄[38;2;255;255;255m[48;2;91;141;239m▀[0m[38;2;255;255;255m▄[0m   [38;2;255;255;255m[48;2;191;224;255m▀[0m
   [38;2;255;255;255m[48;2;255;255;255m▀[38;2;91;141;239m[48;2;10;26;63m▀[38;2;91;141;239m[48;2;10;26;63m▀[38;2;91;141;239m[48;2;224;83;61m▀[38;2;255;255;255m[48;2;255;255;255m▀[0m  [38;2;191;224;255m[48;2;191;224;255m▀[0m
   [38;2;255;255;255m▄[38;2;255;255;255m[48;2;30;79;216m▀[38;2;30;79;216m[48;2;30;79;216m▀[38;2;30;79;216m[48;2;30;79;216m▀[38;2;255;255;255m[48;2;30;79;216m▀[0m[38;2;30;79;216m▄[0m[38;2;30;79;216m▄[38;2;191;224;255m[48;2;91;141;239m▀[0m
   [38;2;255;255;255m▀[38;2;30;79;216m[48;2;255;255;255m▀[38;2;30;79;216m[48;2;30;79;216m▀[38;2;30;79;216m[48;2;30;79;216m▀[38;2;30;79;216m[48;2;255;255;255m▀[0m[38;2;255;255;255m▀[0m
   [38;2;255;255;255m▄[38;2;255;255;255m[48;2;30;79;216m▀[38;2;30;79;216m[48;2;255;255;255m▀[0m[38;2;255;255;255m▀[38;2;30;79;216m[48;2;255;255;255m▀[38;2;255;255;255m[48;2;30;79;216m▀[0m[38;2;255;255;255m▄[0m
   [38;2;255;255;255m▀[0m[38;2;255;255;255m▀[0m   [38;2;255;255;255m▀[0m[38;2;255;255;255m▀[0m
%%ANIM slash 90 loop
%%FRAME
    [38;2;255;255;255m▄[38;2;255;255;255m[48;2;91;141;239m▀[0m[38;2;255;255;255m▄[0m      [38;2;255;255;255m▄[0m
   [38;2;255;255;255m[48;2;255;255;255m▀[38;2;91;141;239m[48;2;10;26;63m▀[38;2;91;141;239m[48;2;10;26;63m▀[38;2;91;141;239m[48;2;224;83;61m▀[38;2;255;255;255m[48;2;255;255;255m▀[0m   [38;2;191;224;255m▄[0m[38;2;191;224;255m▀[0m
   [38;2;255;255;255m▄[38;2;255;255;255m[48;2;30;79;216m▀[38;2;30;79;216m[48;2;30;79;216m▀[38;2;30;79;216m[48;2;30;79;216m▀[38;2;255;255;255m[48;2;30;79;216m▀[0m[38;2;30;79;216m▄[0m[38;2;91;141;239m▄[0m[38;2;191;224;255m▀[0m
   [38;2;255;255;255m▀[38;2;30;79;216m[48;2;255;255;255m▀[38;2;30;79;216m[48;2;30;79;216m▀[38;2;30;79;216m[48;2;30;79;216m▀[38;2;30;79;216m[48;2;255;255;255m▀[0m[38;2;255;255;255m▀[0m
   [38;2;255;255;255m▄[38;2;255;255;255m[48;2;30;79;216m▀[38;2;30;79;216m[48;2;255;255;255m▀[0m[38;2;255;255;255m▀[38;2;30;79;216m[48;2;255;255;255m▀[38;2;255;255;255m[48;2;30;79;216m▀[0m[38;2;255;255;255m▄[0m
   [38;2;255;255;255m▀[0m[38;2;255;255;255m▀[0m   [38;2;255;255;255m▀[0m[38;2;255;255;255m▀[0m
%%FRAME
    [38;2;255;255;255m▄[38;2;255;255;255m[48;2;91;141;239m▀[0m[38;2;255;255;255m▄[0m
   [38;2;255;255;255m[48;2;255;255;255m▀[38;2;91;141;239m[48;2;10;26;63m▀[38;2;91;141;239m[48;2;10;26;63m▀[38;2;91;141;239m[48;2;224;83;61m▀[38;2;255;255;255m[48;2;255;255;255m▀[0m   [38;2;91;141;239m▄[0m[38;2;91;141;239m▀[0m
   [38;2;255;255;255m▄[38;2;255;255;255m[48;2;30;79;216m▀[38;2;30;79;216m[48;2;30;79;216m▀[38;2;30;79;216m[48;2;30;79;216m▀[38;2;255;255;255m[48;2;30;79;216m▀[0m[38;2;30;79;216m▄[0m[38;2;30;79;216m▄[0m[38;2;91;141;239m▄[0m[38;2;191;224;255m▄[0m[38;2;191;224;255m▄[0m[38;2;191;224;255m▄[0m[38;2;255;255;255m▄[0m
   [38;2;255;255;255m▀[38;2;30;79;216m[48;2;255;255;255m▀[38;2;30;79;216m[48;2;30;79;216m▀[38;2;30;79;216m[48;2;30;79;216m▀[38;2;30;79;216m[48;2;255;255;255m▀[0m[38;2;255;255;255m▀[0m
   [38;2;255;255;255m▄[38;2;255;255;255m[48;2;30;79;216m▀[38;2;30;79;216m[48;2;255;255;255m▀[0m[38;2;255;255;255m▀[38;2;30;79;216m[48;2;255;255;255m▀[38;2;255;255;255m[48;2;30;79;216m▀[0m[38;2;255;255;255m▄[0m
   [38;2;255;255;255m▀[0m[38;2;255;255;255m▀[0m   [38;2;255;255;255m▀[0m[38;2;255;255;255m▀[0m
%%FRAME
    [38;2;255;255;255m▄[38;2;255;255;255m[48;2;91;141;239m▀[0m[38;2;255;255;255m▄[0m
   [38;2;255;255;255m[48;2;255;255;255m▀[38;2;91;141;239m[48;2;10;26;63m▀[38;2;91;141;239m[48;2;10;26;63m▀[38;2;91;141;239m[48;2;224;83;61m▀[38;2;255;255;255m[48;2;255;255;255m▀[0m    [38;2;91;141;239m▄[0m
   [38;2;255;255;255m▄[38;2;255;255;255m[48;2;30;79;216m▀[38;2;30;79;216m[48;2;30;79;216m▀[38;2;30;79;216m[48;2;30;79;216m▀[38;2;255;255;255m[48;2;30;79;216m▀[0m[38;2;30;79;216m▄[0m[38;2;30;79;216m▄[0m   [38;2;91;141;239m▀[0m[38;2;91;141;239m▄[0m
   [38;2;255;255;255m▀[38;2;30;79;216m[48;2;255;255;255m▀[38;2;30;79;216m[48;2;30;79;216m▀[38;2;30;79;216m[48;2;30;79;216m▀[38;2;30;79;216m[48;2;255;255;255m▀[0m[38;2;255;255;255m▀[0m [38;2;91;141;239m▀[0m[38;2;191;224;255m▄[0m
   [38;2;255;255;255m▄[38;2;255;255;255m[48;2;30;79;216m▀[38;2;30;79;216m[48;2;255;255;255m▀[0m[38;2;255;255;255m▀[38;2;30;79;216m[48;2;255;255;255m▀[38;2;255;255;255m[48;2;30;79;216m▀[0m[38;2;255;255;255m▄[0m  [38;2;191;224;255m▀[0m[38;2;255;255;255m▄[0m
   [38;2;255;255;255m▀[0m[38;2;255;255;255m▀[0m   [38;2;255;255;255m▀[0m[38;2;255;255;255m▀[0m
%%FRAME
    [38;2;255;255;255m▄[38;2;255;255;255m[48;2;91;141;239m▀[0m[38;2;255;255;255m▄[0m
   [38;2;255;255;255m[48;2;255;255;255m▀[38;2;91;141;239m[48;2;10;26;63m▀[38;2;91;141;239m[48;2;10;26;63m▀[38;2;91;141;239m[48;2;224;83;61m▀[38;2;255;255;255m[48;2;255;255;255m▀[0m
   [38;2;255;255;255m▄[38;2;255;255;255m[48;2;30;79;216m▀[38;2;30;79;216m[48;2;30;79;216m▀[38;2;30;79;216m[48;2;30;79;216m▀[38;2;255;255;255m[48;2;30;79;216m▀[0m[38;2;30;79;216m▄[0m[38;2;30;79;216m▄[0m  [38;2;91;141;239m▀[0m
   [38;2;255;255;255m▀[38;2;30;79;216m[48;2;255;255;255m▀[38;2;30;79;216m[48;2;30;79;216m▀[38;2;30;79;216m[48;2;30;79;216m▀[38;2;30;79;216m[48;2;255;255;255m▀[0m[38;2;255;255;255m▀[0m    [38;2;255;255;255m▄[0m
   [38;2;255;255;255m▄[38;2;255;255;255m[48;2;30;79;216m▀[38;2;30;79;216m[48;2;255;255;255m▀[0m[38;2;255;255;255m▀[38;2;30;79;216m[48;2;255;255;255m▀[38;2;255;255;255m[48;2;30;79;216m▀[0m[38;2;255;255;255m▄[0m[38;2;191;224;255m▀[0m[38;2;191;224;255m▀[0m[38;2;191;224;255m▀[0m [38;2;255;255;255m▄[0m
   [38;2;255;255;255m▀[0m[38;2;255;255;255m▀[0m   [38;2;255;255;255m▀[0m[38;2;255;255;255m▀[0m   [38;2;191;224;255m▀[0m
%%ANIM summon 160 loop
%%FRAME
    [38;2;255;255;255m▄[38;2;255;255;255m[48;2;91;141;239m▀[0m[38;2;255;255;255m▄[0m   [38;2;255;255;255m[48;2;191;224;255m▀[0m
   [38;2;255;255;255m[48;2;255;255;255m▀[38;2;91;141;239m[48;2;10;26;63m▀[38;2;91;141;239m[48;2;10;26;63m▀[38;2;91;141;239m[48;2;224;83;61m▀[38;2;255;255;255m[48;2;255;255;255m▀[0m  [38;2;191;224;255m[48;2;191;224;255m▀[0m      [38;2;91;141;239m▄[0m
   [38;2;255;255;255m▄[38;2;255;255;255m[48;2;30;79;216m▀[38;2;30;79;216m[48;2;30;79;216m▀[38;2;30;79;216m[48;2;30;79;216m▀[38;2;255;255;255m[48;2;30;79;216m▀[0m[38;2;30;79;216m▄[0m[38;2;30;79;216m▄[38;2;191;224;255m[48;2;91;141;239m▀[0m    [38;2;91;141;239m▄[0m
   [38;2;255;255;255m▀[38;2;30;79;216m[48;2;255;255;255m▀[38;2;30;79;216m[48;2;30;79;216m▀[38;2;30;79;216m[48;2;30;79;216m▀[38;2;30;79;216m[48;2;255;255;255m▀[0m[38;2;255;255;255m▀[0m
   [38;2;255;255;255m▄[38;2;255;255;255m[48;2;30;79;216m▀[38;2;30;79;216m[48;2;255;255;255m▀[0m[38;2;255;255;255m▀[38;2;30;79;216m[48;2;255;255;255m▀[38;2;255;255;255m[48;2;30;79;216m▀[0m[38;2;255;255;255m▄[0m    [38;2;91;141;239m▀[0m
   [38;2;255;255;255m▀[0m[38;2;255;255;255m▀[0m   [38;2;255;255;255m▀[0m[38;2;255;255;255m▀[0m
%%FRAME
    [38;2;255;255;255m▄[38;2;255;255;255m[48;2;91;141;239m▀[0m[38;2;255;255;255m▄[0m   [38;2;255;255;255m[48;2;191;224;255m▀[0m
   [38;2;255;255;255m[48;2;255;255;255m▀[38;2;91;141;239m[48;2;10;26;63m▀[38;2;91;141;239m[48;2;10;26;63m▀[38;2;91;141;239m[48;2;224;83;61m▀[38;2;255;255;255m[48;2;255;255;255m▀[0m  [38;2;191;224;255m[48;2;191;224;255m▀[0m    [38;2;91;141;239m▄[0m  [38;2;91;141;239m▄[0m
   [38;2;255;255;255m▄[38;2;255;255;255m[48;2;30;79;216m▀[38;2;30;79;216m[48;2;30;79;216m▀[38;2;30;79;216m[48;2;30;79;216m▀[38;2;255;255;255m[48;2;30;79;216m▀[0m[38;2;30;79;216m▄[0m[38;2;30;79;216m▄[38;2;191;224;255m[48;2;91;141;239m▀[0m   [38;2;91;141;239m▀[0m[38;2;91;141;239m▄[0m[38;2;91;141;239m▀[0m
   [38;2;255;255;255m▀[38;2;30;79;216m[48;2;255;255;255m▀[38;2;30;79;216m[48;2;30;79;216m▀[38;2;30;79;216m[48;2;30;79;216m▀[38;2;30;79;216m[48;2;255;255;255m▀[0m[38;2;255;255;255m▀[0m     [38;2;91;141;239m▀[0m[38;2;91;141;239m▄[0m[38;2;91;141;239m▀[0m
   [38;2;255;255;255m▄[38;2;255;255;255m[48;2;30;79;216m▀[38;2;30;79;216m[48;2;255;255;255m▀[0m[38;2;255;255;255m▀[38;2;30;79;216m[48;2;255;255;255m▀[38;2;255;255;255m[48;2;30;79;216m▀[0m[38;2;255;255;255m▄[0m    [38;2;91;141;239m[48;2;91;141;239m▀[0m
   [38;2;255;255;255m▀[0m[38;2;255;255;255m▀[0m   [38;2;255;255;255m▀[0m[38;2;255;255;255m▀[0m
%%FRAME
    [38;2;255;255;255m▄[38;2;255;255;255m[48;2;91;141;239m▀[0m[38;2;255;255;255m▄[0m   [38;2;255;255;255m[48;2;191;224;255m▀[0m
   [38;2;255;255;255m[48;2;255;255;255m▀[38;2;91;141;239m[48;2;10;26;63m▀[38;2;91;141;239m[48;2;10;26;63m▀[38;2;91;141;239m[48;2;224;83;61m▀[38;2;255;255;255m[48;2;255;255;255m▀[0m  [38;2;191;224;255m[48;2;191;224;255m▀[0m    [38;2;91;141;239m▄[0m[38;2;255;255;255m▄[0m [38;2;191;224;255m[48;2;191;224;255m▀[0m
   [38;2;255;255;255m▄[38;2;255;255;255m[48;2;30;79;216m▀[38;2;30;79;216m[48;2;30;79;216m▀[38;2;30;79;216m[48;2;30;79;216m▀[38;2;255;255;255m[48;2;30;79;216m▀[0m[38;2;30;79;216m▄[0m[38;2;30;79;216m▄[38;2;191;224;255m[48;2;91;141;239m▀[0m   [38;2;255;255;255m▀[38;2;10;26;63m[48;2;30;79;216m▀[38;2;224;83;61m[48;2;30;79;216m▀[0m[38;2;255;255;255m▀[38;2;255;255;255m[48;2;91;141;239m▀[0m
   [38;2;255;255;255m▀[38;2;30;79;216m[48;2;255;255;255m▀[38;2;30;79;216m[48;2;30;79;216m▀[38;2;30;79;216m[48;2;30;79;216m▀[38;2;30;79;216m[48;2;255;255;255m▀[0m[38;2;255;255;255m▀[0m     [38;2;255;255;255m▀[38;2;30;79;216m[48;2;30;79;216m▀[38;2;30;79;216m[48;2;30;79;216m▀[0m[38;2;30;79;216m▀[0m
   [38;2;255;255;255m▄[38;2;255;255;255m[48;2;30;79;216m▀[38;2;30;79;216m[48;2;255;255;255m▀[0m[38;2;255;255;255m▀[38;2;30;79;216m[48;2;255;255;255m▀[38;2;255;255;255m[48;2;30;79;216m▀[0m[38;2;255;255;255m▄[0m    [38;2;30;79;216m[48;2;255;255;255m▀[0m [38;2;30;79;216m[48;2;255;255;255m▀[0m
   [38;2;255;255;255m▀[0m[38;2;255;255;255m▀[0m   [38;2;255;255;255m▀[0m[38;2;255;255;255m▀[0m
%%FRAME
    [38;2;255;255;255m▄[38;2;255;255;255m[48;2;91;141;239m▀[0m[38;2;255;255;255m▄[0m   [38;2;255;255;255m[48;2;191;224;255m▀[0m
   [38;2;255;255;255m[48;2;255;255;255m▀[38;2;91;141;239m[48;2;10;26;63m▀[38;2;91;141;239m[48;2;10;26;63m▀[38;2;91;141;239m[48;2;224;83;61m▀[38;2;255;255;255m[48;2;255;255;255m▀[0m  [38;2;191;224;255m[48;2;191;224;255m▀[0m    [38;2;91;141;239m▄[0m[38;2;255;255;255m▄[0m [38;2;255;255;255m[48;2;191;224;255m▀[0m
   [38;2;255;255;255m▄[38;2;255;255;255m[48;2;30;79;216m▀[38;2;30;79;216m[48;2;30;79;216m▀[38;2;30;79;216m[48;2;30;79;216m▀[38;2;255;255;255m[48;2;30;79;216m▀[0m[38;2;30;79;216m▄[0m[38;2;30;79;216m▄[38;2;191;224;255m[48;2;91;141;239m▀[0m   [38;2;255;255;255m▀[38;2;10;26;63m[48;2;30;79;216m▀[38;2;224;83;61m[48;2;30;79;216m▀[0m[38;2;255;255;255m▀[38;2;191;224;255m[48;2;91;141;239m▀[0m
   [38;2;255;255;255m▀[38;2;30;79;216m[48;2;255;255;255m▀[38;2;30;79;216m[48;2;30;79;216m▀[38;2;30;79;216m[48;2;30;79;216m▀[38;2;30;79;216m[48;2;255;255;255m▀[0m[38;2;255;255;255m▀[0m     [38;2;255;255;255m▀[38;2;30;79;216m[48;2;30;79;216m▀[38;2;30;79;216m[48;2;30;79;216m▀[0m[38;2;30;79;216m▀[0m
   [38;2;255;255;255m▄[38;2;255;255;255m[48;2;30;79;216m▀[38;2;30;79;216m[48;2;255;255;255m▀[0m[38;2;255;255;255m▀[38;2;30;79;216m[48;2;255;255;255m▀[38;2;255;255;255m[48;2;30;79;216m▀[0m[38;2;255;255;255m▄[0m    [38;2;30;79;216m[48;2;255;255;255m▀[0m [38;2;30;79;216m[48;2;255;255;255m▀[0m
   [38;2;255;255;255m▀[0m[38;2;255;255;255m▀[0m   [38;2;255;255;255m▀[0m[38;2;255;255;255m▀[0m
%%ANIM summon2 160 loop
%%FRAME
    [38;2;255;255;255m▄[38;2;255;255;255m[48;2;91;141;239m▀[0m[38;2;255;255;255m▄[0m   [38;2;255;255;255m[48;2;191;224;255m▀[0m
   [38;2;255;255;255m[48;2;255;255;255m▀[38;2;91;141;239m[48;2;10;26;63m▀[38;2;91;141;239m[48;2;10;26;63m▀[38;2;91;141;239m[48;2;224;83;61m▀[38;2;255;255;255m[48;2;255;255;255m▀[0m  [38;2;191;224;255m[48;2;191;224;255m▀[0m      [38;2;91;141;239m▄[0m    [38;2;91;141;239m▄[0m
   [38;2;255;255;255m▄[38;2;255;255;255m[48;2;30;79;216m▀[38;2;30;79;216m[48;2;30;79;216m▀[38;2;30;79;216m[48;2;30;79;216m▀[38;2;255;255;255m[48;2;30;79;216m▀[0m[38;2;30;79;216m▄[0m[38;2;30;79;216m▄[38;2;191;224;255m[48;2;91;141;239m▀[0m    [38;2;91;141;239m▄[0m    [38;2;91;141;239m▄[0m
   [38;2;255;255;255m▀[38;2;30;79;216m[48;2;255;255;255m▀[38;2;30;79;216m[48;2;30;79;216m▀[38;2;30;79;216m[48;2;30;79;216m▀[38;2;30;79;216m[48;2;255;255;255m▀[0m[38;2;255;255;255m▀[0m
   [38;2;255;255;255m▄[38;2;255;255;255m[48;2;30;79;216m▀[38;2;30;79;216m[48;2;255;255;255m▀[0m[38;2;255;255;255m▀[38;2;30;79;216m[48;2;255;255;255m▀[38;2;255;255;255m[48;2;30;79;216m▀[0m[38;2;255;255;255m▄[0m    [38;2;91;141;239m▀[0m    [38;2;91;141;239m▀[0m
   [38;2;255;255;255m▀[0m[38;2;255;255;255m▀[0m   [38;2;255;255;255m▀[0m[38;2;255;255;255m▀[0m
%%FRAME
    [38;2;255;255;255m▄[38;2;255;255;255m[48;2;91;141;239m▀[0m[38;2;255;255;255m▄[0m   [38;2;255;255;255m[48;2;191;224;255m▀[0m
   [38;2;255;255;255m[48;2;255;255;255m▀[38;2;91;141;239m[48;2;10;26;63m▀[38;2;91;141;239m[48;2;10;26;63m▀[38;2;91;141;239m[48;2;224;83;61m▀[38;2;255;255;255m[48;2;255;255;255m▀[0m  [38;2;191;224;255m[48;2;191;224;255m▀[0m    [38;2;91;141;239m▄[0m  [38;2;91;141;239m▄[0m [38;2;91;141;239m▄[0m  [38;2;91;141;239m▄[0m
   [38;2;255;255;255m▄[38;2;255;255;255m[48;2;30;79;216m▀[38;2;30;79;216m[48;2;30;79;216m▀[38;2;30;79;216m[48;2;30;79;216m▀[38;2;255;255;255m[48;2;30;79;216m▀[0m[38;2;30;79;216m▄[0m[38;2;30;79;216m▄[38;2;191;224;255m[48;2;91;141;239m▀[0m   [38;2;91;141;239m▀[0m[38;2;91;141;239m▄[0m[38;2;91;141;239m▀[0m  [38;2;91;141;239m▀[0m[38;2;91;141;239m▄[0m[38;2;91;141;239m▀[0m
   [38;2;255;255;255m▀[38;2;30;79;216m[48;2;255;255;255m▀[38;2;30;79;216m[48;2;30;79;216m▀[38;2;30;79;216m[48;2;30;79;216m▀[38;2;30;79;216m[48;2;255;255;255m▀[0m[38;2;255;255;255m▀[0m     [38;2;91;141;239m▀[0m[38;2;91;141;239m▄[0m[38;2;91;141;239m▀[0m  [38;2;91;141;239m▀[0m[38;2;91;141;239m▄[0m[38;2;91;141;239m▀[0m
   [38;2;255;255;255m▄[38;2;255;255;255m[48;2;30;79;216m▀[38;2;30;79;216m[48;2;255;255;255m▀[0m[38;2;255;255;255m▀[38;2;30;79;216m[48;2;255;255;255m▀[38;2;255;255;255m[48;2;30;79;216m▀[0m[38;2;255;255;255m▄[0m    [38;2;91;141;239m[48;2;91;141;239m▀[0m    [38;2;91;141;239m[48;2;91;141;239m▀[0m
   [38;2;255;255;255m▀[0m[38;2;255;255;255m▀[0m   [38;2;255;255;255m▀[0m[38;2;255;255;255m▀[0m
%%FRAME
    [38;2;255;255;255m▄[38;2;255;255;255m[48;2;91;141;239m▀[0m[38;2;255;255;255m▄[0m   [38;2;255;255;255m[48;2;191;224;255m▀[0m
   [38;2;255;255;255m[48;2;255;255;255m▀[38;2;91;141;239m[48;2;10;26;63m▀[38;2;91;141;239m[48;2;10;26;63m▀[38;2;91;141;239m[48;2;224;83;61m▀[38;2;255;255;255m[48;2;255;255;255m▀[0m  [38;2;191;224;255m[48;2;191;224;255m▀[0m    [38;2;91;141;239m▄[0m[38;2;255;255;255m▄[0m [38;2;191;224;255m[48;2;191;224;255m▀[0m [38;2;91;141;239m▄[0m[38;2;255;255;255m▄[0m [38;2;255;255;255m[48;2;191;224;255m▀[0m
   [38;2;255;255;255m▄[38;2;255;255;255m[48;2;30;79;216m▀[38;2;30;79;216m[48;2;30;79;216m▀[38;2;30;79;216m[48;2;30;79;216m▀[38;2;255;255;255m[48;2;30;79;216m▀[0m[38;2;30;79;216m▄[0m[38;2;30;79;216m▄[38;2;191;224;255m[48;2;91;141;239m▀[0m   [38;2;255;255;255m▀[38;2;10;26;63m[48;2;30;79;216m▀[38;2;224;83;61m[48;2;30;79;216m▀[0m[38;2;255;255;255m▀[38;2;255;255;255m[48;2;91;141;239m▀[0m[38;2;255;255;255m▀[38;2;10;26;63m[48;2;30;79;216m▀[38;2;224;83;61m[48;2;30;79;216m▀[0m[38;2;255;255;255m▀[38;2;191;224;255m[48;2;91;141;239m▀[0m
   [38;2;255;255;255m▀[38;2;30;79;216m[48;2;255;255;255m▀[38;2;30;79;216m[48;2;30;79;216m▀[38;2;30;79;216m[48;2;30;79;216m▀[38;2;30;79;216m[48;2;255;255;255m▀[0m[38;2;255;255;255m▀[0m     [38;2;255;255;255m▀[38;2;30;79;216m[48;2;30;79;216m▀[38;2;30;79;216m[48;2;30;79;216m▀[0m[38;2;30;79;216m▀[0m [38;2;255;255;255m▀[38;2;30;79;216m[48;2;30;79;216m▀[38;2;30;79;216m[48;2;30;79;216m▀[0m[38;2;30;79;216m▀[0m
   [38;2;255;255;255m▄[38;2;255;255;255m[48;2;30;79;216m▀[38;2;30;79;216m[48;2;255;255;255m▀[0m[38;2;255;255;255m▀[38;2;30;79;216m[48;2;255;255;255m▀[38;2;255;255;255m[48;2;30;79;216m▀[0m[38;2;255;255;255m▄[0m    [38;2;30;79;216m[48;2;255;255;255m▀[0m [38;2;30;79;216m[48;2;255;255;255m▀[0m  [38;2;30;79;216m[48;2;255;255;255m▀[0m [38;2;30;79;216m[48;2;255;255;255m▀[0m
   [38;2;255;255;255m▀[0m[38;2;255;255;255m▀[0m   [38;2;255;255;255m▀[0m[38;2;255;255;255m▀[0m
%%FRAME
    [38;2;255;255;255m▄[38;2;255;255;255m[48;2;91;141;239m▀[0m[38;2;255;255;255m▄[0m   [38;2;255;255;255m[48;2;191;224;255m▀[0m
   [38;2;255;255;255m[48;2;255;255;255m▀[38;2;91;141;239m[48;2;10;26;63m▀[38;2;91;141;239m[48;2;10;26;63m▀[38;2;91;141;239m[48;2;224;83;61m▀[38;2;255;255;255m[48;2;255;255;255m▀[0m  [38;2;191;224;255m[48;2;191;224;255m▀[0m    [38;2;91;141;239m▄[0m[38;2;255;255;255m▄[0m [38;2;255;255;255m[48;2;191;224;255m▀[0m [38;2;91;141;239m▄[0m[38;2;255;255;255m▄[0m [38;2;191;224;255m[48;2;191;224;255m▀[0m
   [38;2;255;255;255m▄[38;2;255;255;255m[48;2;30;79;216m▀[38;2;30;79;216m[48;2;30;79;216m▀[38;2;30;79;216m[48;2;30;79;216m▀[38;2;255;255;255m[48;2;30;79;216m▀[0m[38;2;30;79;216m▄[0m[38;2;30;79;216m▄[38;2;191;224;255m[48;2;91;141;239m▀[0m   [38;2;255;255;255m▀[38;2;10;26;63m[48;2;30;79;216m▀[38;2;224;83;61m[48;2;30;79;216m▀[0m[38;2;255;255;255m▀[38;2;191;224;255m[48;2;91;141;239m▀[0m[38;2;255;255;255m▀[38;2;10;26;63m[48;2;30;79;216m▀[38;2;224;83;61m[48;2;30;79;216m▀[0m[38;2;255;255;255m▀[38;2;255;255;255m[48;2;91;141;239m▀[0m
   [38;2;255;255;255m▀[38;2;30;79;216m[48;2;255;255;255m▀[38;2;30;79;216m[48;2;30;79;216m▀[38;2;30;79;216m[48;2;30;79;216m▀[38;2;30;79;216m[48;2;255;255;255m▀[0m[38;2;255;255;255m▀[0m     [38;2;255;255;255m▀[38;2;30;79;216m[48;2;30;79;216m▀[38;2;30;79;216m[48;2;30;79;216m▀[0m[38;2;30;79;216m▀[0m [38;2;255;255;255m▀[38;2;30;79;216m[48;2;30;79;216m▀[38;2;30;79;216m[48;2;30;79;216m▀[0m[38;2;30;79;216m▀[0m
   [38;2;255;255;255m▄[38;2;255;255;255m[48;2;30;79;216m▀[38;2;30;79;216m[48;2;255;255;255m▀[0m[38;2;255;255;255m▀[38;2;30;79;216m[48;2;255;255;255m▀[38;2;255;255;255m[48;2;30;79;216m▀[0m[38;2;255;255;255m▄[0m    [38;2;30;79;216m[48;2;255;255;255m▀[0m [38;2;30;79;216m[48;2;255;255;255m▀[0m  [38;2;30;79;216m[48;2;255;255;255m▀[0m [38;2;30;79;216m[48;2;255;255;255m▀[0m
   [38;2;255;255;255m▀[0m[38;2;255;255;255m▀[0m   [38;2;255;255;255m▀[0m[38;2;255;255;255m▀[0m
%%FRAME
    [38;2;255;255;255m▄[38;2;255;255;255m[48;2;91;141;239m▀[0m[38;2;255;255;255m▄[0m   [38;2;255;255;255m[48;2;191;224;255m▀[0m
   [38;2;255;255;255m[48;2;255;255;255m▀[38;2;91;141;239m[48;2;10;26;63m▀[38;2;91;141;239m[48;2;10;26;63m▀[38;2;91;141;239m[48;2;224;83;61m▀[38;2;255;255;255m[48;2;255;255;255m▀[0m  [38;2;191;224;255m[48;2;191;224;255m▀[0m    [38;2;91;141;239m▄[0m[38;2;255;255;255m▄[0m [38;2;255;255;255m[48;2;191;224;255m▀[0m [38;2;91;141;239m▄[0m[38;2;255;255;255m▄[0m [38;2;255;255;255m[48;2;191;224;255m▀[0m
   [38;2;255;255;255m▄[38;2;255;255;255m[48;2;30;79;216m▀[38;2;30;79;216m[48;2;30;79;216m▀[38;2;30;79;216m[48;2;30;79;216m▀[38;2;255;255;255m[48;2;30;79;216m▀[0m[38;2;30;79;216m▄[0m[38;2;30;79;216m▄[38;2;191;224;255m[48;2;91;141;239m▀[0m   [38;2;255;255;255m▀[38;2;10;26;63m[48;2;30;79;216m▀[38;2;224;83;61m[48;2;30;79;216m▀[0m[38;2;255;255;255m▀[38;2;191;224;255m[48;2;91;141;239m▀[0m[38;2;255;255;255m▀[38;2;10;26;63m[48;2;30;79;216m▀[38;2;224;83;61m[48;2;30;79;216m▀[0m[38;2;255;255;255m▀[38;2;191;224;255m[48;2;91;141;239m▀[0m
   [38;2;255;255;255m▀[38;2;30;79;216m[48;2;255;255;255m▀[38;2;30;79;216m[48;2;30;79;216m▀[38;2;30;79;216m[48;2;30;79;216m▀[38;2;30;79;216m[48;2;255;255;255m▀[0m[38;2;255;255;255m▀[0m     [38;2;255;255;255m▀[38;2;30;79;216m[48;2;30;79;216m▀[38;2;30;79;216m[48;2;30;79;216m▀[0m[38;2;30;79;216m▀[0m [38;2;255;255;255m▀[38;2;30;79;216m[48;2;30;79;216m▀[38;2;30;79;216m[48;2;30;79;216m▀[0m[38;2;30;79;216m▀[0m
   [38;2;255;255;255m▄[38;2;255;255;255m[48;2;30;79;216m▀[38;2;30;79;216m[48;2;255;255;255m▀[0m[38;2;255;255;255m▀[38;2;30;79;216m[48;2;255;255;255m▀[38;2;255;255;255m[48;2;30;79;216m▀[0m[38;2;255;255;255m▄[0m    [38;2;30;79;216m[48;2;255;255;255m▀[0m [38;2;30;79;216m[48;2;255;255;255m▀[0m  [38;2;30;79;216m[48;2;255;255;255m▀[0m [38;2;30;79;216m[48;2;255;255;255m▀[0m
   [38;2;255;255;255m▀[0m[38;2;255;255;255m▀[0m   [38;2;255;255;255m▀[0m[38;2;255;255;255m▀[0m
%%ANIM summon3 160 loop
%%FRAME
    [38;2;255;255;255m▄[38;2;255;255;255m[48;2;91;141;239m▀[0m[38;2;255;255;255m▄[0m   [38;2;255;255;255m[48;2;191;224;255m▀[0m
   [38;2;255;255;255m[48;2;255;255;255m▀[38;2;91;141;239m[48;2;10;26;63m▀[38;2;91;141;239m[48;2;10;26;63m▀[38;2;91;141;239m[48;2;224;83;61m▀[38;2;255;255;255m[48;2;255;255;255m▀[0m  [38;2;191;224;255m[48;2;191;224;255m▀[0m      [38;2;91;141;239m▄[0m    [38;2;91;141;239m▄[0m    [38;2;91;141;239m▄[0m
   [38;2;255;255;255m▄[38;2;255;255;255m[48;2;30;79;216m▀[38;2;30;79;216m[48;2;30;79;216m▀[38;2;30;79;216m[48;2;30;79;216m▀[38;2;255;255;255m[48;2;30;79;216m▀[0m[38;2;30;79;216m▄[0m[38;2;30;79;216m▄[38;2;191;224;255m[48;2;91;141;239m▀[0m    [38;2;91;141;239m▄[0m    [38;2;91;141;239m▄[0m    [38;2;91;141;239m▄[0m
   [38;2;255;255;255m▀[38;2;30;79;216m[48;2;255;255;255m▀[38;2;30;79;216m[48;2;30;79;216m▀[38;2;30;79;216m[48;2;30;79;216m▀[38;2;30;79;216m[48;2;255;255;255m▀[0m[38;2;255;255;255m▀[0m
   [38;2;255;255;255m▄[38;2;255;255;255m[48;2;30;79;216m▀[38;2;30;79;216m[48;2;255;255;255m▀[0m[38;2;255;255;255m▀[38;2;30;79;216m[48;2;255;255;255m▀[38;2;255;255;255m[48;2;30;79;216m▀[0m[38;2;255;255;255m▄[0m    [38;2;91;141;239m▀[0m    [38;2;91;141;239m▀[0m    [38;2;91;141;239m▀[0m
   [38;2;255;255;255m▀[0m[38;2;255;255;255m▀[0m   [38;2;255;255;255m▀[0m[38;2;255;255;255m▀[0m
%%FRAME
    [38;2;255;255;255m▄[38;2;255;255;255m[48;2;91;141;239m▀[0m[38;2;255;255;255m▄[0m   [38;2;255;255;255m[48;2;191;224;255m▀[0m
   [38;2;255;255;255m[48;2;255;255;255m▀[38;2;91;141;239m[48;2;10;26;63m▀[38;2;91;141;239m[48;2;10;26;63m▀[38;2;91;141;239m[48;2;224;83;61m▀[38;2;255;255;255m[48;2;255;255;255m▀[0m  [38;2;191;224;255m[48;2;191;224;255m▀[0m    [38;2;91;141;239m▄[0m  [38;2;91;141;239m▄[0m [38;2;91;141;239m▄[0m  [38;2;91;141;239m▄[0m [38;2;91;141;239m▄[0m  [38;2;91;141;239m▄[0m
   [38;2;255;255;255m▄[38;2;255;255;255m[48;2;30;79;216m▀[38;2;30;79;216m[48;2;30;79;216m▀[38;2;30;79;216m[48;2;30;79;216m▀[38;2;255;255;255m[48;2;30;79;216m▀[0m[38;2;30;79;216m▄[0m[38;2;30;79;216m▄[38;2;191;224;255m[48;2;91;141;239m▀[0m   [38;2;91;141;239m▀[0m[38;2;91;141;239m▄[0m[38;2;91;141;239m▀[0m  [38;2;91;141;239m▀[0m[38;2;91;141;239m▄[0m[38;2;91;141;239m▀[0m  [38;2;91;141;239m▀[0m[38;2;91;141;239m▄[0m[38;2;91;141;239m▀[0m
   [38;2;255;255;255m▀[38;2;30;79;216m[48;2;255;255;255m▀[38;2;30;79;216m[48;2;30;79;216m▀[38;2;30;79;216m[48;2;30;79;216m▀[38;2;30;79;216m[48;2;255;255;255m▀[0m[38;2;255;255;255m▀[0m     [38;2;91;141;239m▀[0m[38;2;91;141;239m▄[0m[38;2;91;141;239m▀[0m  [38;2;91;141;239m▀[0m[38;2;91;141;239m▄[0m[38;2;91;141;239m▀[0m  [38;2;91;141;239m▀[0m[38;2;91;141;239m▄[0m[38;2;91;141;239m▀[0m
   [38;2;255;255;255m▄[38;2;255;255;255m[48;2;30;79;216m▀[38;2;30;79;216m[48;2;255;255;255m▀[0m[38;2;255;255;255m▀[38;2;30;79;216m[48;2;255;255;255m▀[38;2;255;255;255m[48;2;30;79;216m▀[0m[38;2;255;255;255m▄[0m    [38;2;91;141;239m[48;2;91;141;239m▀[0m    [38;2;91;141;239m[48;2;91;141;239m▀[0m    [38;2;91;141;239m[48;2;91;141;239m▀[0m
   [38;2;255;255;255m▀[0m[38;2;255;255;255m▀[0m   [38;2;255;255;255m▀[0m[38;2;255;255;255m▀[0m
%%FRAME
    [38;2;255;255;255m▄[38;2;255;255;255m[48;2;91;141;239m▀[0m[38;2;255;255;255m▄[0m   [38;2;255;255;255m[48;2;191;224;255m▀[0m
   [38;2;255;255;255m[48;2;255;255;255m▀[38;2;91;141;239m[48;2;10;26;63m▀[38;2;91;141;239m[48;2;10;26;63m▀[38;2;91;141;239m[48;2;224;83;61m▀[38;2;255;255;255m[48;2;255;255;255m▀[0m  [38;2;191;224;255m[48;2;191;224;255m▀[0m    [38;2;91;141;239m▄[0m[38;2;255;255;255m▄[0m [38;2;191;224;255m[48;2;191;224;255m▀[0m [38;2;91;141;239m▄[0m[38;2;255;255;255m▄[0m [38;2;255;255;255m[48;2;191;224;255m▀[0m [38;2;91;141;239m▄[0m[38;2;255;255;255m▄[0m [38;2;255;255;255m[48;2;191;224;255m▀[0m
   [38;2;255;255;255m▄[38;2;255;255;255m[48;2;30;79;216m▀[38;2;30;79;216m[48;2;30;79;216m▀[38;2;30;79;216m[48;2;30;79;216m▀[38;2;255;255;255m[48;2;30;79;216m▀[0m[38;2;30;79;216m▄[0m[38;2;30;79;216m▄[38;2;191;224;255m[48;2;91;141;239m▀[0m   [38;2;255;255;255m▀[38;2;10;26;63m[48;2;30;79;216m▀[38;2;224;83;61m[48;2;30;79;216m▀[0m[38;2;255;255;255m▀[38;2;255;255;255m[48;2;91;141;239m▀[0m[38;2;255;255;255m▀[38;2;10;26;63m[48;2;30;79;216m▀[38;2;224;83;61m[48;2;30;79;216m▀[0m[38;2;255;255;255m▀[38;2;191;224;255m[48;2;91;141;239m▀[0m[38;2;255;255;255m▀[38;2;10;26;63m[48;2;30;79;216m▀[38;2;224;83;61m[48;2;30;79;216m▀[0m[38;2;255;255;255m▀[38;2;191;224;255m[48;2;91;141;239m▀[0m
   [38;2;255;255;255m▀[38;2;30;79;216m[48;2;255;255;255m▀[38;2;30;79;216m[48;2;30;79;216m▀[38;2;30;79;216m[48;2;30;79;216m▀[38;2;30;79;216m[48;2;255;255;255m▀[0m[38;2;255;255;255m▀[0m     [38;2;255;255;255m▀[38;2;30;79;216m[48;2;30;79;216m▀[38;2;30;79;216m[48;2;30;79;216m▀[0m[38;2;30;79;216m▀[0m [38;2;255;255;255m▀[38;2;30;79;216m[48;2;30;79;216m▀[38;2;30;79;216m[48;2;30;79;216m▀[0m[38;2;30;79;216m▀[0m [38;2;255;255;255m▀[38;2;30;79;216m[48;2;30;79;216m▀[38;2;30;79;216m[48;2;30;79;216m▀[0m[38;2;30;79;216m▀[0m
   [38;2;255;255;255m▄[38;2;255;255;255m[48;2;30;79;216m▀[38;2;30;79;216m[48;2;255;255;255m▀[0m[38;2;255;255;255m▀[38;2;30;79;216m[48;2;255;255;255m▀[38;2;255;255;255m[48;2;30;79;216m▀[0m[38;2;255;255;255m▄[0m    [38;2;30;79;216m[48;2;255;255;255m▀[0m [38;2;30;79;216m[48;2;255;255;255m▀[0m  [38;2;30;79;216m[48;2;255;255;255m▀[0m [38;2;30;79;216m[48;2;255;255;255m▀[0m  [38;2;30;79;216m[48;2;255;255;255m▀[0m [38;2;30;79;216m[48;2;255;255;255m▀[0m
   [38;2;255;255;255m▀[0m[38;2;255;255;255m▀[0m   [38;2;255;255;255m▀[0m[38;2;255;255;255m▀[0m
%%FRAME
    [38;2;255;255;255m▄[38;2;255;255;255m[48;2;91;141;239m▀[0m[38;2;255;255;255m▄[0m   [38;2;255;255;255m[48;2;191;224;255m▀[0m
   [38;2;255;255;255m[48;2;255;255;255m▀[38;2;91;141;239m[48;2;10;26;63m▀[38;2;91;141;239m[48;2;10;26;63m▀[38;2;91;141;239m[48;2;224;83;61m▀[38;2;255;255;255m[48;2;255;255;255m▀[0m  [38;2;191;224;255m[48;2;191;224;255m▀[0m    [38;2;91;141;239m▄[0m[38;2;255;255;255m▄[0m [38;2;255;255;255m[48;2;191;224;255m▀[0m [38;2;91;141;239m▄[0m[38;2;255;255;255m▄[0m [38;2;191;224;255m[48;2;191;224;255m▀[0m [38;2;91;141;239m▄[0m[38;2;255;255;255m▄[0m [38;2;255;255;255m[48;2;191;224;255m▀[0m
   [38;2;255;255;255m▄[38;2;255;255;255m[48;2;30;79;216m▀[38;2;30;79;216m[48;2;30;79;216m▀[38;2;30;79;216m[48;2;30;79;216m▀[38;2;255;255;255m[48;2;30;79;216m▀[0m[38;2;30;79;216m▄[0m[38;2;30;79;216m▄[38;2;191;224;255m[48;2;91;141;239m▀[0m   [38;2;255;255;255m▀[38;2;10;26;63m[48;2;30;79;216m▀[38;2;224;83;61m[48;2;30;79;216m▀[0m[38;2;255;255;255m▀[38;2;191;224;255m[48;2;91;141;239m▀[0m[38;2;255;255;255m▀[38;2;10;26;63m[48;2;30;79;216m▀[38;2;224;83;61m[48;2;30;79;216m▀[0m[38;2;255;255;255m▀[38;2;255;255;255m[48;2;91;141;239m▀[0m[38;2;255;255;255m▀[38;2;10;26;63m[48;2;30;79;216m▀[38;2;224;83;61m[48;2;30;79;216m▀[0m[38;2;255;255;255m▀[38;2;191;224;255m[48;2;91;141;239m▀[0m
   [38;2;255;255;255m▀[38;2;30;79;216m[48;2;255;255;255m▀[38;2;30;79;216m[48;2;30;79;216m▀[38;2;30;79;216m[48;2;30;79;216m▀[38;2;30;79;216m[48;2;255;255;255m▀[0m[38;2;255;255;255m▀[0m     [38;2;255;255;255m▀[38;2;30;79;216m[48;2;30;79;216m▀[38;2;30;79;216m[48;2;30;79;216m▀[0m[38;2;30;79;216m▀[0m [38;2;255;255;255m▀[38;2;30;79;216m[48;2;30;79;216m▀[38;2;30;79;216m[48;2;30;79;216m▀[0m[38;2;30;79;216m▀[0m [38;2;255;255;255m▀[38;2;30;79;216m[48;2;30;79;216m▀[38;2;30;79;216m[48;2;30;79;216m▀[0m[38;2;30;79;216m▀[0m
   [38;2;255;255;255m▄[38;2;255;255;255m[48;2;30;79;216m▀[38;2;30;79;216m[48;2;255;255;255m▀[0m[38;2;255;255;255m▀[38;2;30;79;216m[48;2;255;255;255m▀[38;2;255;255;255m[48;2;30;79;216m▀[0m[38;2;255;255;255m▄[0m    [38;2;30;79;216m[48;2;255;255;255m▀[0m [38;2;30;79;216m[48;2;255;255;255m▀[0m  [38;2;30;79;216m[48;2;255;255;255m▀[0m [38;2;30;79;216m[48;2;255;255;255m▀[0m  [38;2;30;79;216m[48;2;255;255;255m▀[0m [38;2;30;79;216m[48;2;255;255;255m▀[0m
   [38;2;255;255;255m▀[0m[38;2;255;255;255m▀[0m   [38;2;255;255;255m▀[0m[38;2;255;255;255m▀[0m
%%FRAME
    [38;2;255;255;255m▄[38;2;255;255;255m[48;2;91;141;239m▀[0m[38;2;255;255;255m▄[0m   [38;2;255;255;255m[48;2;191;224;255m▀[0m
   [38;2;255;255;255m[48;2;255;255;255m▀[38;2;91;141;239m[48;2;10;26;63m▀[38;2;91;141;239m[48;2;10;26;63m▀[38;2;91;141;239m[48;2;224;83;61m▀[38;2;255;255;255m[48;2;255;255;255m▀[0m  [38;2;191;224;255m[48;2;191;224;255m▀[0m    [38;2;91;141;239m▄[0m[38;2;255;255;255m▄[0m [38;2;255;255;255m[48;2;191;224;255m▀[0m [38;2;91;141;239m▄[0m[38;2;255;255;255m▄[0m [38;2;255;255;255m[48;2;191;224;255m▀[0m [38;2;91;141;239m▄[0m[38;2;255;255;255m▄[0m [38;2;191;224;255m[48;2;191;224;255m▀[0m
   [38;2;255;255;255m▄[38;2;255;255;255m[48;2;30;79;216m▀[38;2;30;79;216m[48;2;30;79;216m▀[38;2;30;79;216m[48;2;30;79;216m▀[38;2;255;255;255m[48;2;30;79;216m▀[0m[38;2;30;79;216m▄[0m[38;2;30;79;216m▄[38;2;191;224;255m[48;2;91;141;239m▀[0m   [38;2;255;255;255m▀[38;2;10;26;63m[48;2;30;79;216m▀[38;2;224;83;61m[48;2;30;79;216m▀[0m[38;2;255;255;255m▀[38;2;191;224;255m[48;2;91;141;239m▀[0m[38;2;255;255;255m▀[38;2;10;26;63m[48;2;30;79;216m▀[38;2;224;83;61m[48;2;30;79;216m▀[0m[38;2;255;255;255m▀[38;2;191;224;255m[48;2;91;141;239m▀[0m[38;2;255;255;255m▀[38;2;10;26;63m[48;2;30;79;216m▀[38;2;224;83;61m[48;2;30;79;216m▀[0m[38;2;255;255;255m▀[38;2;255;255;255m[48;2;91;141;239m▀[0m
   [38;2;255;255;255m▀[38;2;30;79;216m[48;2;255;255;255m▀[38;2;30;79;216m[48;2;30;79;216m▀[38;2;30;79;216m[48;2;30;79;216m▀[38;2;30;79;216m[48;2;255;255;255m▀[0m[38;2;255;255;255m▀[0m     [38;2;255;255;255m▀[38;2;30;79;216m[48;2;30;79;216m▀[38;2;30;79;216m[48;2;30;79;216m▀[0m[38;2;30;79;216m▀[0m [38;2;255;255;255m▀[38;2;30;79;216m[48;2;30;79;216m▀[38;2;30;79;216m[48;2;30;79;216m▀[0m[38;2;30;79;216m▀[0m [38;2;255;255;255m▀[38;2;30;79;216m[48;2;30;79;216m▀[38;2;30;79;216m[48;2;30;79;216m▀[0m[38;2;30;79;216m▀[0m
   [38;2;255;255;255m▄[38;2;255;255;255m[48;2;30;79;216m▀[38;2;30;79;216m[48;2;255;255;255m▀[0m[38;2;255;255;255m▀[38;2;30;79;216m[48;2;255;255;255m▀[38;2;255;255;255m[48;2;30;79;216m▀[0m[38;2;255;255;255m▄[0m    [38;2;30;79;216m[48;2;255;255;255m▀[0m [38;2;30;79;216m[48;2;255;255;255m▀[0m  [38;2;30;79;216m[48;2;255;255;255m▀[0m [38;2;30;79;216m[48;2;255;255;255m▀[0m  [38;2;30;79;216m[48;2;255;255;255m▀[0m [38;2;30;79;216m[48;2;255;255;255m▀[0m
   [38;2;255;255;255m▀[0m[38;2;255;255;255m▀[0m   [38;2;255;255;255m▀[0m[38;2;255;255;255m▀[0m
%%FRAME
    [38;2;255;255;255m▄[38;2;255;255;255m[48;2;91;141;239m▀[0m[38;2;255;255;255m▄[0m   [38;2;255;255;255m[48;2;191;224;255m▀[0m
   [38;2;255;255;255m[48;2;255;255;255m▀[38;2;91;141;239m[48;2;10;26;63m▀[38;2;91;141;239m[48;2;10;26;63m▀[38;2;91;141;239m[48;2;224;83;61m▀[38;2;255;255;255m[48;2;255;255;255m▀[0m  [38;2;191;224;255m[48;2;191;224;255m▀[0m    [38;2;91;141;239m▄[0m[38;2;255;255;255m▄[0m [38;2;255;255;255m[48;2;191;224;255m▀[0m [38;2;91;141;239m▄[0m[38;2;255;255;255m▄[0m [38;2;255;255;255m[48;2;191;224;255m▀[0m [38;2;91;141;239m▄[0m[38;2;255;255;255m▄[0m [38;2;255;255;255m[48;2;191;224;255m▀[0m
   [38;2;255;255;255m▄[38;2;255;255;255m[48;2;30;79;216m▀[38;2;30;79;216m[48;2;30;79;216m▀[38;2;30;79;216m[48;2;30;79;216m▀[38;2;255;255;255m[48;2;30;79;216m▀[0m[38;2;30;79;216m▄[0m[38;2;30;79;216m▄[38;2;191;224;255m[48;2;91;141;239m▀[0m   [38;2;255;255;255m▀[38;2;10;26;63m[48;2;30;79;216m▀[38;2;224;83;61m[48;2;30;79;216m▀[0m[38;2;255;255;255m▀[38;2;191;224;255m[48;2;91;141;239m▀[0m[38;2;255;255;255m▀[38;2;10;26;63m[48;2;30;79;216m▀[38;2;224;83;61m[48;2;30;79;216m▀[0m[38;2;255;255;255m▀[38;2;191;224;255m[48;2;91;141;239m▀[0m[38;2;255;255;255m▀[38;2;10;26;63m[48;2;30;79;216m▀[38;2;224;83;61m[48;2;30;79;216m▀[0m[38;2;255;255;255m▀[38;2;191;224;255m[48;2;91;141;239m▀[0m
   [38;2;255;255;255m▀[38;2;30;79;216m[48;2;255;255;255m▀[38;2;30;79;216m[48;2;30;79;216m▀[38;2;30;79;216m[48;2;30;79;216m▀[38;2;30;79;216m[48;2;255;255;255m▀[0m[38;2;255;255;255m▀[0m     [38;2;255;255;255m▀[38;2;30;79;216m[48;2;30;79;216m▀[38;2;30;79;216m[48;2;30;79;216m▀[0m[38;2;30;79;216m▀[0m [38;2;255;255;255m▀[38;2;30;79;216m[48;2;30;79;216m▀[38;2;30;79;216m[48;2;30;79;216m▀[0m[38;2;30;79;216m▀[0m [38;2;255;255;255m▀[38;2;30;79;216m[48;2;30;79;216m▀[38;2;30;79;216m[48;2;30;79;216m▀[0m[38;2;30;79;216m▀[0m
   [38;2;255;255;255m▄[38;2;255;255;255m[48;2;30;79;216m▀[38;2;30;79;216m[48;2;255;255;255m▀[0m[38;2;255;255;255m▀[38;2;30;79;216m[48;2;255;255;255m▀[38;2;255;255;255m[48;2;30;79;216m▀[0m[38;2;255;255;255m▄[0m    [38;2;30;79;216m[48;2;255;255;255m▀[0m [38;2;30;79;216m[48;2;255;255;255m▀[0m  [38;2;30;79;216m[48;2;255;255;255m▀[0m [38;2;30;79;216m[48;2;255;255;255m▀[0m  [38;2;30;79;216m[48;2;255;255;255m▀[0m [38;2;30;79;216m[48;2;255;255;255m▀[0m
   [38;2;255;255;255m▀[0m[38;2;255;255;255m▀[0m   [38;2;255;255;255m▀[0m[38;2;255;255;255m▀[0m
%%ANIM sheath 120 once
%%FRAME
    [38;2;255;255;255m▄[38;2;255;255;255m[48;2;91;141;239m▀[0m[38;2;255;255;255m▄[0m
   [38;2;255;255;255m[48;2;255;255;255m▀[38;2;91;141;239m[48;2;10;26;63m▀[38;2;91;141;239m[48;2;10;26;63m▀[38;2;91;141;239m[48;2;224;83;61m▀[38;2;255;255;255m[48;2;255;255;255m▀[0m
   [38;2;255;255;255m▄[38;2;255;255;255m[48;2;30;79;216m▀[38;2;30;79;216m[48;2;30;79;216m▀[38;2;30;79;216m[48;2;30;79;216m▀[38;2;255;255;255m[48;2;30;79;216m▀[0m[38;2;30;79;216m▄[0m[38;2;30;79;216m▄[0m[38;2;91;141;239m▄[0m[38;2;191;224;255m▄[0m[38;2;191;224;255m▄[0m[38;2;191;224;255m▄[0m[38;2;255;255;255m▄[0m
   [38;2;255;255;255m▀[38;2;30;79;216m[48;2;255;255;255m▀[38;2;30;79;216m[48;2;30;79;216m▀[38;2;30;79;216m[48;2;30;79;216m▀[38;2;30;79;216m[48;2;255;255;255m▀[0m[38;2;255;255;255m▀[0m
   [38;2;255;255;255m▄[38;2;255;255;255m[48;2;30;79;216m▀[38;2;30;79;216m[48;2;255;255;255m▀[0m[38;2;255;255;255m▀[38;2;30;79;216m[48;2;255;255;255m▀[38;2;255;255;255m[48;2;30;79;216m▀[0m[38;2;255;255;255m▄[0m
   [38;2;255;255;255m▀[0m[38;2;255;255;255m▀[0m   [38;2;255;255;255m▀[0m[38;2;255;255;255m▀[0m
%%FRAME
    [38;2;255;255;255m▄[38;2;255;255;255m[48;2;91;141;239m▀[0m[38;2;255;255;255m▄[0m
   [38;2;255;255;255m[48;2;255;255;255m▀[38;2;91;141;239m[48;2;10;26;63m▀[38;2;91;141;239m[48;2;10;26;63m▀[38;2;91;141;239m[48;2;224;83;61m▀[38;2;255;255;255m[48;2;255;255;255m▀[0m
   [38;2;255;255;255m▄[38;2;255;255;255m[48;2;30;79;216m▀[38;2;30;79;216m[48;2;30;79;216m▀[38;2;30;79;216m[48;2;30;79;216m▀[38;2;255;255;255m[48;2;30;79;216m▀[0m[38;2;30;79;216m▄[0m[38;2;30;79;216m▄[0m[38;2;91;141;239m▄[0m[38;2;255;255;255m▄[0m
   [38;2;255;255;255m▀[38;2;30;79;216m[48;2;255;255;255m▀[38;2;30;79;216m[48;2;30;79;216m▀[38;2;30;79;216m[48;2;30;79;216m▀[38;2;30;79;216m[48;2;255;255;255m▀[0m[38;2;255;255;255m▀[0m
   [38;2;255;255;255m▄[38;2;255;255;255m[48;2;30;79;216m▀[38;2;30;79;216m[48;2;255;255;255m▀[0m[38;2;255;255;255m▀[38;2;30;79;216m[48;2;255;255;255m▀[38;2;255;255;255m[48;2;30;79;216m▀[0m[38;2;255;255;255m▄[0m
   [38;2;255;255;255m▀[0m[38;2;255;255;255m▀[0m   [38;2;255;255;255m▀[0m[38;2;255;255;255m▀[0m
%%FRAME
    [38;2;255;255;255m▄[38;2;255;255;255m[48;2;91;141;239m▀[0m[38;2;255;255;255m▄[0m
   [38;2;255;255;255m[48;2;255;255;255m▀[38;2;91;141;239m[48;2;10;26;63m▀[38;2;91;141;239m[48;2;10;26;63m▀[38;2;91;141;239m[48;2;224;83;61m▀[38;2;255;255;255m[48;2;255;255;255m▀[0m
   [38;2;255;255;255m▄[38;2;255;255;255m[48;2;30;79;216m▀[38;2;30;79;216m[48;2;30;79;216m▀[38;2;30;79;216m[48;2;30;79;216m▀[38;2;255;255;255m[48;2;30;79;216m▀[0m[38;2;30;79;216m▄[0m[38;2;255;255;255m▄[0m[38;2;191;224;255m▀[0m
   [38;2;255;255;255m▀[38;2;30;79;216m[48;2;255;255;255m▀[38;2;30;79;216m[48;2;30;79;216m▀[38;2;30;79;216m[48;2;30;79;216m▀[38;2;30;79;216m[48;2;255;255;255m▀[0m[38;2;255;255;255m▀[0m
   [38;2;255;255;255m▄[38;2;255;255;255m[48;2;30;79;216m▀[38;2;30;79;216m[48;2;255;255;255m▀[0m[38;2;255;255;255m▀[38;2;30;79;216m[48;2;255;255;255m▀[38;2;255;255;255m[48;2;30;79;216m▀[0m[38;2;255;255;255m▄[0m
   [38;2;255;255;255m▀[0m[38;2;255;255;255m▀[0m   [38;2;255;255;255m▀[0m[38;2;255;255;255m▀[0m
